202006010101
202006010102
202006010103
202006010104
202006010105
202006010106
202006010107
202006010108
202006010109
202006010110
202006010111
202006010112
202006010201
202006010202
202006010203
202006010204
202006010205
202006010206
202006010207
202006010208
202006010209
202006010210
202006010211
202006010212
202006010301
202006010302
202006010303
202006010304
202006010305
202006010306
202006010307
202006010308
202006010309
202006010310
202006010311
202006010312
202006010401
202006010402
202006010403
202006010404
202006010405
202006010406
202006010407
202006010408
202006010409
202006010410
202006010411
202006010412
202006010501
202006010502
202006010503
202006010504
202006010505
202006010506
202006010507
202006010508
202006010509
202006010510
202006010511
202006010512
202006010601
202006010602
202006010603
202006010604
202006010605
202006010606
202006010607
202006010608
202006010609
202006010610
202006010611
202006010612
202006010701
202006010702
202006010703
202006010704
202006010705
202006010706
202006010707
202006010708
202006010709
202006010710
202006010711
202006010712
202006010801
202006010802
202006010803
202006010804
202006010805
202006010806
202006010807
202006010808
202006010809
202006010810
202006010811
202006010812
202006010901
202006010902
202006010903
202006010904
202006010905
202006010906
202006010907
202006010908
202006010909
202006010910
202006010911
202006010912
202008010101
202008010102
202008010103
202008010104
202008010105
202008010106
202008010107
202008010108
202008010109
202008010110
202008010111
202008010112
202008010201
202008010202
202008010203
202008010204
202008010205
202008010206
202008010207
202008010208
202008010209
202008010210
202008010211
202008010212
202008010301
202008010302
202008010303
202008010304
202008010305
202008010306
202008010307
202008010308
202008010309
202008010310
202008010311
202008010312
202008010401
202008010402
202008010403
202008010404
202008010405
202008010406
202008010407
202008010408
202008010409
202008010410
202008010411
202008010412
202008010501
202008010502
202008010503
202008010504
202008010505
202008010506
202008010507
202008010508
202008010509
202008010510
202008010511
202008010512
202008010601
202008010602
202008010603
202008010604
202008010605
202008010606
202008010607
202008010608
202008010609
202008010610
202008010611
202008010612
202008010701
202008010702
202008010703
202008010704
202008010705
202008010706
202008010707
202008010708
202008010709
202008010710
202008010711
202008010712
202008010801
202008010802
202008010803
202008010804
202008010805
202008010806
202008010807
202008010808
202008010809
202008010810
202008010811
202008010812
202008010901
202008010902
202008010903
202008010904
202008010905
202008010906
202008010907
202008010908
202008010909
202008010910
202008010911
202008010912
202010010101
202010010102
202010010103
202010010104
202010010105
202010010106
202010010107
202010010108
202010010109
202010010110
202010010111
202010010112
202010010201
202010010202
202010010203
202010010204
202010010205
202010010206
202010010207
202010010208
202010010209
202010010210
202010010211
202010010212
202010010301
202010010302
202010010303
202010010304
202010010305
202010010306
202010010307
202010010308
202010010309
202010010310
202010010311
202010010312
202010010401
202010010402
202010010403
202010010404
202010010405
202010010406
202010010407
202010010408
202010010409
202010010410
202010010411
202010010412
202036010501
202036010502
202036010503
202036010504
202036010505
202036010506
202036010507
202036010508
202036010509
202036010510
202036010601
202036010602
202036010603
202036010604
202036010605
202036010606
202036010607
202036010608
202036010609
202036010610
202043011101
202043011102
202043011103
202043011104
202043011105
202043011106
202043011107
202043011108
202043011109
202043011110
202043011111
202043011112
202054011201
202054011202
202054011203
202054011204
202054011205
202054011206
202054011207
202054011208
202054011209
202054011210
202054011211
202054011301
202054011302
202054011303
202054011304
202054011305
202054011306
202054011307
202054011308
202054011309
202054011310
202054011311
202054011901
202054011902
202054011903
202054011904
202054011905
202054011906
202054011907
202054011908
202054011909
202054011910
202054011911
202054011912
202054012601
202054012602
202054012603
202054012604
202054012605
202054012606
202054012607
202054012608
202054012609
202054012610
202054012611
202055010501
202055010502
202055010503
202055010504
202055010505
202055010506
202055010507
202055010508
202055010509
202055010510
202055010601
202055010602
202055010603
202055010604
202055010605
202055010606
202055010607
202055010608
202055010609
202055010610
202055011201
202055011202
202055011203
202055011204
202055011205
202055011206
202055011207
202055011208
202055011209
202055011210
202055011301
202055011302
202055011303
202055011304
202055011305
202055011306
202055011307
202055011308
202055011309
202055011310
202055011311
202055011801
202055011802
202055011803
202055011804
202055011805
202055011806
202055011807
202055011808
202055011809
202055011810
202055011811
202055011901
202055011902
202055011903
202055011904
202055011905
202055011906
202055011907
202055011908
202055011909
202055011910
202055011911
202055012501
202055012502
202055012503
202055012504
202055012505
202055012506
202055012507
202055012508
202055012509
202055012510
202055012511
202055012601
202055012602
202055012603
202055012604
202055012605
202055012606
202055012607
202055012608
202055012609
202055012610
202055012611
202065010501
202065010502
202065010503
202065010504
202065010505
202065010506
202065010507
202065010508
202065010509
202065010510
202065010511
202065010512
202065010601
202065010602
202065010603
202065010604
202065010605
202065010606
202065010607
202065010608
202065010609
202065010610
202065010611
202065010612
202065011101
202065011102
202065011103
202065011104
202065011105
202065011106
202065011107
202065011108
202065011109
202065011110
202065011111
202065011201
202065011202
202065011203
202065011204
202065011205
202065011206
202065011207
202065011208
202065011209
202065011210
202065011211
202065011301
202065011302
202065011303
202065011304
202065011305
202065011306
202065011307
202065011308
202065011309
202065011310
202065011311
202065011312
202065011801
202065011802
202065011803
202065011804
202065011805
202065011806
202065011807
202065011808
202065011809
202065011810
202065011811
202065011901
202065011902
202065011903
202065011904
202065011905
202065011906
202065011907
202065011908
202065011909
202065011910
202065011911
202065012501
202065012502
202065012503
202065012504
202065012505
202065012506
202065012507
202065012508
202065012509
202065012510
202065012511
202065012601
202065012602
202065012603
202065012604
202065012605
202065012606
202065012607
202065012608
202065012609
202065012610
202065012611