202001020701
202001020702
202001020703
202001020704
202001020705
202001020706
202001020707
202001020708
202001020709
202001020710
202001020711
202001020712
202001020801
202001020802
202001020803
202001020804
202001020805
202001020806
202001020807
202001020808
202001020809
202001020810
202001020811
202001020812
202004030701
202004030702
202004030703
202004030704
202004030705
202004030706
202004030707
202004030708
202004030709
202004030710
202004030711
202004030712
202004030801
202004030802
202004030803
202004030804
202004030805
202004030806
202004030807
202004030808
202004030809
202004030810
202004030811
202004030812
202006040101
202006040102
202006040103
202006040104
202006040105
202006040106
202006040107
202006040108
202006040109
202006040110
202006040111
202006040112
202006040201
202006040202
202006040203
202006040204
202006040205
202006040206
202006040207
202006040208
202006040209
202006040210
202006040211
202006040212
202006040301
202006040302
202006040303
202006040304
202006040305
202006040306
202006040307
202006040308
202006040309
202006040310
202006040311
202006040312
202006040401
202006040402
202006040403
202006040404
202006040405
202006040406
202006040407
202006040408
202006040409
202006040410
202006040411
202006040412
202006040501
202006040502
202006040503
202006040504
202006040505
202006040506
202006040507
202006040508
202006040509
202006040510
202006040511
202006040512
202006040601
202006040602
202006040603
202006040604
202006040605
202006040606
202006040607
202006040608
202006040609
202006040610
202006040611
202006040612
202006040701
202006040702
202006040703
202006040704
202006040705
202006040706
202006040707
202006040708
202006040709
202006040710
202006040711
202006040712
202007020101
202007020102
202007020103
202007020104
202007020105
202007020106
202007020107
202007020108
202007020109
202007020110
202007020111
202007020112
202007020201
202007020202
202007020203
202007020204
202007020205
202007020206
202007020207
202007020208
202007020209
202007020210
202007020211
202007020212
202007020301
202007020302
202007020303
202007020304
202007020305
202007020306
202007020307
202007020308
202007020309
202007020310
202007020311
202007020312
202007020401
202007020402
202007020403
202007020404
202007020405
202007020406
202007020407
202007020408
202007020409
202007020410
202007020411
202007020412
202007020501
202007020502
202007020503
202007020504
202007020505
202007020506
202007020507
202007020508
202007020509
202007020510
202007020511
202007020512
202007020601
202007020602
202007020603
202007020604
202007020605
202007020606
202007020607
202007020608
202007020609
202007020610
202007020611
202007020612
202007020701
202007020702
202007020703
202007020704
202007020705
202007020706
202007020707
202007020708
202007020709
202007020710
202007020711
202007020712
202010020701
202010020702
202010020703
202010020704
202010020705
202010020706
202010020707
202010020708
202010020709
202010020710
202010020711
202010020712
202010020801
202010020802
202010020803
202010020804
202010020805
202010020806
202010020807
202010020808
202010020809
202010020810
202010020811
202010020812
202035090501
202035090502
202035090503
202035090504
202035090505
202035090506
202035090507
202035090508
202035090509
202035090510
202035090601
202035090602
202035090603
202035090604
202035090605
202035090606
202035090607
202035090608
202035090609
202035090610
202035090611
202035091201
202035091202
202035091203
202035091204
202035091205
202035091206
202035091207
202035091208
202035091209
202035091210
202035091301
202035091302
202035091303
202035091304
202035091305
202035091306
202035091307
202035091308
202035091309
202035091310
202035091311
202035092001
202035092002
202035092003
202035092004
202035092005
202035092006
202035092007
202035092008
202035092009
202035092010
202035092011
202035092101
202035092102
202035092103
202035092104
202035092105
202035092106
202035092107
202035092108
202035092109
202035092110
202035092111
202035092601
202035092602
202035092603
202035092604
202035092605
202035092606
202035092607
202035092608
202035092609
202035092610
202035092611
202035092701
202035092702
202035092703
202035092704
202035092705
202035092706
202035092707
202035092708
202035092709
202035092710
202035092711
202044091901
202044091902
202044091903
202044091904
202044091905
202044091906
202044091907
202044091908
202044091909
202044091910
202044091911
202044091912
202044092001
202044092002
202044092003
202044092004
202044092005
202044092006
202044092007
202044092008
202044092009
202044092010
202044092011
202044092012
202044092101
202044092102
202044092103
202044092104
202044092105
202044092106
202044092107
202044092108
202044092109
202044092110
202044092111
202044092112
202046090601
202046090602
202046090603
202046090604
202046090605
202046090606
202046090607
202046090608
202046090609
202046090610
202046090611
202046091301
202046091302
202046091303
202046091304
202046091305
202046091306
202046091307
202046091308
202046091309
202046091310
202046091311
202046092001
202046092002
202046092003
202046092004
202046092005
202046092006
202046092007
202046092008
202046092009
202046092010
202046092011
202046092701
202046092702
202046092703
202046092704
202046092705
202046092706
202046092707
202046092708
202046092709
202046092710
202046092711
202054090501
202054090502
202054090503
202054090504
202054090505
202054090506
202054090507
202054090508
202054090509
202054090510
202054090511
202054090512
202054090601
202054090602
202054090603
202054090604
202054090605
202054090606
202054090607
202054090608
202054090609
202054090610
202054090611
202054090612
202054091201
202054091202
202054091203
202054091204
202054091205
202054091206
202054091207
202054091208
202054091209
202054091210
202054091211
202054091212
202054091301
202054091302
202054091303
202054091304
202054091305
202054091306
202054091307
202054091308
202054091309
202054091310
202054091311
202054091312
202054092101
202054092102
202054092103
202054092104
202054092105
202054092106
202054092107
202054092108
202054092109
202054092110
202054092111
202054092112
202055090501
202055090502
202055090503
202055090504
202055090505
202055090506
202055090507
202055090508
202055090509
202055090510
202055091201
202055091202
202055091203
202055091204
202055091205
202055091206
202055091207
202055091208
202055091209
202055091210
202055091211
202055091901
202055091902
202055091903
202055091904
202055091905
202055091906
202055091907
202055091908
202055091909
202055091910
202055091911
202055091912
202055092001
202055092002
202055092003
202055092004
202055092005
202055092006
202055092007
202055092008
202055092009
202055092010
202055092011
202055092012
202055092601
202055092602
202055092603
202055092604
202055092605
202055092606
202055092607
202055092608
202055092609
202055092610
202055092611
202055092612
202055092701
202055092702
202055092703
202055092704
202055092705
202055092706
202055092707
202055092708
202055092709
202055092710
202055092711
202055092712
202065090501
202065090502
202065090503
202065090504
202065090505
202065090506
202065090507
202065090508
202065090509
202065090510
202065090511
202065090601
202065090602
202065090603
202065090604
202065090605
202065090606
202065090607
202065090608
202065090609
202065090610
202065090611
202065090612
202065091201
202065091202
202065091203
202065091204
202065091205
202065091206
202065091207
202065091208
202065091209
202065091210
202065091211
202065091301
202065091302
202065091303
202065091304
202065091305
202065091306
202065091307
202065091308
202065091309
202065091310
202065091311
202065091312
202065091901
202065091902
202065091903
202065091904
202065091905
202065091906
202065091907
202065091908
202065091909
202065091910
202065091911
202065092001
202065092002
202065092003
202065092004
202065092005
202065092006
202065092007
202065092008
202065092009
202065092010
202065092011
202065092012
202065092101
202065092102
202065092103
202065092104
202065092105
202065092106
202065092107
202065092108
202065092109
202065092110
202065092111
202065092112
202065092601
202065092602
202065092603
202065092604
202065092605
202065092606
202065092607
202065092608
202065092609
202065092610
202065092611
202065092701
202065092702
202065092703
202065092704
202065092705
202065092706
202065092707
202065092708
202065092709
202065092710
202065092711
202065092712