202006020201
202006020202
202006020203
202006020204
202006020205
202006020206
202006020207
202006020208
202006020209
202006020210
202006020211
202006020212
202006020301
202006020302
202006020303
202006020304
202006020305
202006020306
202006020307
202006020308
202006020309
202006020310
202006020311
202006020312
202006020401
202006020402
202006020403
202006020404
202006020405
202006020406
202006020407
202006020408
202006020409
202006020410
202006020411
202006020412
202006020501
202006020502
202006020503
202006020504
202006020505
202006020506
202006020507
202006020508
202006020509
202006020510
202006020511
202006020512
202006020601
202006020602
202006020603
202006020604
202006020605
202006020606
202006020607
202006020608
202006020609
202006020610
202006020611
202006020612
202006020701
202006020702
202006020703
202006020704
202006020705
202006020706
202006020707
202006020708
202006020709
202006020710
202006020711
202006020712
202006020801
202006020802
202006020803
202006020804
202006020805
202006020806
202006020807
202006020808
202006020809
202006020810
202006020811
202006020812
202006020901
202006020902
202006020903
202006020904
202006020905
202006020906
202006020907
202006020908
202006020909
202006020910
202006020911
202006020912
202006030101
202006030102
202006030103
202006030104
202006030105
202006030106
202006030107
202006030108
202006030109
202006030110
202006030111
202006030112
202006030201
202006030202
202006030203
202006030204
202006030205
202006030206
202006030207
202006030208
202006030209
202006030210
202006030211
202006030212
202007010201
202007010202
202007010203
202007010204
202007010205
202007010206
202007010207
202007010208
202007010209
202007010210
202007010211
202007010212
202007010301
202007010302
202007010303
202007010304
202007010305
202007010306
202007010307
202007010308
202007010309
202007010310
202007010311
202007010312
202007010401
202007010402
202007010403
202007010404
202007010405
202007010406
202007010407
202007010408
202007010409
202007010410
202007010411
202007010412
202007010501
202007010502
202007010503
202007010504
202007010505
202007010506
202007010507
202007010508
202007010509
202007010510
202007010511
202007010512
202007010601
202007010602
202007010603
202007010604
202007010605
202007010606
202007010607
202007010608
202007010609
202007010610
202007010611
202007010612
202007010701
202007010702
202007010703
202007010704
202007010705
202007010706
202007010707
202007010708
202007010709
202007010710
202007010711
202007010712
202007010801
202007010802
202007010803
202007010804
202007010805
202007010806
202007010807
202007010808
202007010809
202007010810
202007010811
202007010812
202009010201
202009010202
202009010203
202009010204
202009010205
202009010206
202009010207
202009010208
202009010209
202009010210
202009010211
202009010212
202009010301
202009010302
202009010303
202009010304
202009010305
202009010306
202009010307
202009010308
202009010309
202009010310
202009010311
202009010312
202009010401
202009010402
202009010403
202009010404
202009010405
202009010406
202009010407
202009010408
202009010409
202009010410
202009010411
202009010412
202009010501
202009010502
202009010503
202009010504
202009010505
202009010506
202009010507
202009010508
202009010509
202009010510
202009010511
202009010512
202009010601
202009010602
202009010603
202009010604
202009010605
202009010606
202009010607
202009010608
202009010609
202009010610
202009010611
202009010612
202009010701
202009010702
202009010703
202009010704
202009010705
202009010706
202009010707
202009010708
202009010709
202009010710
202009010711
202009010712
202009010801
202009010802
202009010803
202009010804
202009010805
202009010806
202009010807
202009010808
202009010809
202009010810
202009010811
202009010812
202009010901
202009010902
202009010903
202009010904
202009010905
202009010906
202009010907
202009010908
202009010909
202009010910
202009010911
202009010912
202009020101
202009020102
202009020103
202009020104
202009020105
202009020106
202009020107
202009020108
202009020109
202009020110
202009020111
202009020112
202009020201
202009020202
202009020203
202009020204
202009020205
202009020206
202009020207
202009020208
202009020209
202009020210
202009020211
202009020212
202036032001
202036032002
202036032003
202036032004
202036032005
202036032006
202036032007
202036032008
202036032009
202036032010
202036032011
202036032101
202036032102
202036032103
202036032104
202036032105
202036032106
202036032107
202036032108
202036032109
202036032110
202036032111
202036032201
202036032202
202036032203
202036032204
202036032205
202036032206
202036032207
202036032208
202036032209
202036032210
202036032211
202036032801
202036032802
202036032803
202036032804
202036032805
202036032806
202036032807
202036032808
202036032809
202036032810
202036032811
202036032901
202036032902
202036032903
202036032904
202036032905
202036032906
202036032907
202036032908
202036032909
202036032910
202036032911
202043031401
202043031402
202043031403
202043031404
202043031405
202043031406
202043031407
202043031408
202043031409
202043031410
202043031411
202043031412
202043033101
202043033102
202043033103
202043033104
202043033105
202043033106
202043033107
202043033108
202043033109
202043033110
202043033111
202043033112
202044031501
202044031502
202044031503
202044031504
202044031505
202044031506
202044031507
202044031508
202044031509
202044031510
202044031511
202044031512
202046031501
202046031502
202046031503
202046031504
202046031505
202046031506
202046031507
202046031508
202046031509
202046031510
202046031511
202046031512
202046032201
202046032202
202046032203
202046032204
202046032205
202046032206
202046032207
202046032208
202046032209
202046032210
202046032901
202046032902
202046032903
202046032904
202046032905
202046032906
202046032907
202046032908
202046032909
202046032910
202046033101
202046033102
202046033103
202046033104
202046033105
202046033106
202046033107
202046033108
202046033109
202046033110
202050033101
202050033102
202050033103
202050033104
202050033105
202050033106
202050033107
202050033108
202050033109
202050033110
202050033111
202054030101
202054030102
202054030103
202054030104
202054030105
202054030106
202054030107
202054030108
202054030109
202054030110
202054030801
202054030802
202054030803
202054030804
202054030805
202054030806
202054030807
202054030808
202054030809
202054030810
202054031501
202054031502
202054031503
202054031504
202054031505
202054031506
202054031507
202054031508
202054031509
202054031510
202054032201
202054032202
202054032203
202054032204
202054032205
202054032206
202054032207
202054032208
202054032209
202054032210
202054032901
202054032902
202054032903
202054032904
202054032905
202054032906
202054032907
202054032908
202054032909
202054032910
202054032911
202054032912
202054033101
202054033102
202054033103
202054033104
202054033105
202054033106
202054033107
202054033108
202054033109
202054033110
202054033111
202054033112
202055030101
202055030102
202055030103
202055030104
202055030105
202055030106
202055030107
202055030108
202055030109
202055030110
202055030111
202055030112
202055030701
202055030702
202055030703
202055030704
202055030705
202055030706
202055030707
202055030708
202055030709
202055030710
202055030711
202055030712
202055030801
202055030802
202055030803
202055030804
202055030805
202055030806
202055030807
202055030808
202055030809
202055030810
202055030811
202055030812
202055031401
202055031402
202055031403
202055031404
202055031405
202055031406
202055031407
202055031408
202055031409
202055031410
202055031411
202055031412
202055031501
202055031502
202055031503
202055031504
202055031505
202055031506
202055031507
202055031508
202055031509
202055031510
202055031511
202055032001
202055032002
202055032003
202055032004
202055032005
202055032006
202055032007
202055032008
202055032009
202055032010
202055032011
202055032101
202055032102
202055032103
202055032104
202055032105
202055032106
202055032107
202055032108
202055032109
202055032110
202055032111
202055032801
202055032802
202055032803
202055032804
202055032805
202055032806
202055032807
202055032808
202055032809
202055032810
202055032811
202055032901
202055032902
202055032903
202055032904
202055032905
202055032906
202055032907
202055032908
202055032909
202055032910
202055032911
202065030101
202065030102
202065030103
202065030104
202065030105
202065030106
202065030107
202065030108
202065030109
202065030110
202065030111
202065030701
202065030702
202065030703
202065030704
202065030705
202065030706
202065030707
202065030708
202065030709
202065030710
202065030711
202065030801
202065030802
202065030803
202065030804
202065030805
202065030806
202065030807
202065030808
202065030809
202065030810
202065030811
202065030812
202065031401
202065031402
202065031403
202065031404
202065031405
202065031406
202065031407
202065031408
202065031409
202065031410
202065031411
202065031501
202065031502
202065031503
202065031504
202065031505
202065031506
202065031507
202065031508
202065031509
202065031510
202065031511
202065032001
202065032002
202065032003
202065032004
202065032005
202065032006
202065032007
202065032008
202065032009
202065032010
202065032011
202065032012
202065032101
202065032102
202065032103
202065032104
202065032105
202065032106
202065032107
202065032108
202065032109
202065032110
202065032111
202065032201
202065032202
202065032203
202065032204
202065032205
202065032206
202065032207
202065032208
202065032209
202065032210
202065032211