202003010701
202003010702
202003010703
202003010704
202003010705
202003010706
202003010707
202003010708
202003010709
202003010710
202003010711
202003010712
202003010801
202003010802
202003010803
202003010804
202003010805
202003010806
202003010807
202003010808
202003010809
202003010810
202003010811
202003010812
202004010101
202004010102
202004010103
202004010104
202004010105
202004010106
202004010107
202004010108
202004010109
202004010110
202004010111
202004010112
202004010201
202004010202
202004010203
202004010204
202004010205
202004010206
202004010207
202004010208
202004010209
202004010210
202004010211
202004010212
202004010301
202004010302
202004010303
202004010304
202004010305
202004010306
202004010307
202004010308
202004010309
202004010310
202004010311
202004010312
202004010401
202004010402
202004010403
202004010404
202004010405
202004010406
202004010407
202004010408
202004010409
202004010410
202004010411
202004010412
202004010501
202004010502
202004010503
202004010504
202004010505
202004010506
202004010507
202004010508
202004010509
202004010510
202004010511
202004010512
202004010601
202004010602
202004010603
202004010604
202004010605
202004010606
202004010607
202004010608
202004010609
202004010610
202004010611
202004010612
202005020301
202005020302
202005020303
202005020304
202005020305
202005020306
202005020307
202005020308
202005020309
202005020310
202005020311
202005020312
202005020401
202005020402
202005020403
202005020404
202005020405
202005020406
202005020407
202005020408
202005020409
202005020410
202005020411
202005020412
202005020501
202005020502
202005020503
202005020504
202005020505
202005020506
202005020507
202005020508
202005020509
202005020510
202005020511
202005020512
202005020601
202005020602
202005020603
202005020604
202005020605
202005020606
202005020607
202005020608
202005020609
202005020610
202005020611
202005020612
202005020701
202005020702
202005020703
202005020704
202005020705
202005020706
202005020707
202005020708
202005020709
202005020710
202005020711
202005020712
202005020801
202005020802
202005020803
202005020804
202005020805
202005020806
202005020807
202005020808
202005020809
202005020810
202005020811
202005020812
202005020901
202005020902
202005020903
202005020904
202005020905
202005020906
202005020907
202005020908
202005020909
202005020910
202005020911
202005020912
202005021001
202005021002
202005021003
202005021004
202005021005
202005021006
202005021007
202005021008
202005021009
202005021010
202005021011
202005021012
202005021101
202005021102
202005021103
202005021104
202005021105
202005021106
202005021107
202005021108
202005021109
202005021110
202005021111
202005021112
202005021201
202005021202
202005021203
202005021204
202005021205
202005021206
202005021207
202005021208
202005021209
202005021210
202005021211
202005021212
202008030301
202008030302
202008030303
202008030304
202008030305
202008030306
202008030307
202008030308
202008030309
202008030310
202008030311
202008030312
202008030401
202008030402
202008030403
202008030404
202008030405
202008030406
202008030407
202008030408
202008030409
202008030410
202008030411
202008030412
202008030501
202008030502
202008030503
202008030504
202008030505
202008030506
202008030507
202008030508
202008030509
202008030510
202008030511
202008030512
202008030601
202008030602
202008030603
202008030604
202008030605
202008030606
202008030607
202008030608
202008030609
202008030610
202008030611
202008030612
202008030701
202008030702
202008030703
202008030704
202008030705
202008030706
202008030707
202008030708
202008030709
202008030710
202008030711
202008030712
202008030801
202008030802
202008030803
202008030804
202008030805
202008030806
202008030807
202008030808
202008030809
202008030810
202008030811
202008030812
202008030901
202008030902
202008030903
202008030904
202008030905
202008030906
202008030907
202008030908
202008030909
202008030910
202008030911
202008030912
202008031001
202008031002
202008031003
202008031004
202008031005
202008031006
202008031007
202008031008
202008031009
202008031010
202008031011
202008031012
202008031101
202008031102
202008031103
202008031104
202008031105
202008031106
202008031107
202008031108
202008031109
202008031110
202008031111
202008031112
202008031201
202008031202
202008031203
202008031204
202008031205
202008031206
202008031207
202008031208
202008031209
202008031210
202008031211
202008031212
202035051701
202035051702
202035051703
202035051704
202035051705
202035051706
202035051707
202035051708
202035051709
202035051710
202035051711
202035052401
202035052402
202035052403
202035052404
202035052405
202035052406
202035052407
202035052408
202035052409
202035052410
202035052411
202035053101
202035053102
202035053103
202035053104
202035053105
202035053106
202035053107
202035053108
202035053109
202035053110
202036050301
202036050302
202036050303
202036050304
202036050305
202036050306
202036050307
202036050308
202036050309
202036050310
202036050311
202036051001
202036051002
202036051003
202036051004
202036051005
202036051006
202036051007
202036051008
202036051009
202036051010
202036051011
202044050201
202044050202
202044050203
202044050204
202044050205
202044050206
202044050207
202044050208
202044050209
202044050210
202046051001
202046051002
202046051003
202046051004
202046051005
202046051006
202046051007
202046051008
202046051009
202046051010
202046051701
202046051702
202046051703
202046051704
202046051705
202046051706
202046051707
202046051708
202046051709
202046051710
202046051711
202046052401
202046052402
202046052403
202046052404
202046052405
202046052406
202046052407
202046052408
202046052409
202046052410
202046053101
202046053102
202046053103
202046053104
202046053105
202046053106
202046053107
202046053108
202046053109
202046053110
202046053111
202054050301
202054050302
202054050303
202054050304
202054050305
202054050306
202054050307
202054050308
202054050309
202054050310
202054050311
202054050312
202054050901
202054050902
202054050903
202054050904
202054050905
202054050906
202054050907
202054050908
202054050909
202054050910
202054050911
202054050912
202054051001
202054051002
202054051003
202054051004
202054051005
202054051006
202054051007
202054051008
202054051009
202054051010
202054051011
202054051012
202054051601
202054051602
202054051603
202054051604
202054051605
202054051606
202054051607
202054051608
202054051609
202054051610
202054051611
202054051612
202054051701
202054051702
202054051703
202054051704
202054051705
202054051706
202054051707
202054051708
202054051709
202054051710
202054051711
202054051712
202054052301
202054052302
202054052303
202054052304
202054052305
202054052306
202054052307
202054052308
202054052309
202054052310
202054052311
202054052312
202054052401
202054052402
202054052403
202054052404
202054052405
202054052406
202054052407
202054052408
202054052409
202054052410
202054052411
202054052412
202054053001
202054053002
202054053003
202054053004
202054053005
202054053006
202054053007
202054053008
202054053009
202054053010
202054053011
202054053012
202054053101
202054053102
202054053103
202054053104
202054053105
202054053106
202054053107
202054053108
202054053109
202054053110
202054053111
202054053112
202055050201
202055050202
202055050203
202055050204
202055050205
202055050206
202055050207
202055050208
202055050209
202055050210
202055050211
202055050301
202055050302
202055050303
202055050304
202055050305
202055050306
202055050307
202055050308
202055050309
202055050310
202055050311
202055050901
202055050902
202055050903
202055050904
202055050905
202055050906
202055050907
202055050908
202055050909
202055050910
202055050911
202055051001
202055051002
202055051003
202055051004
202055051005
202055051006
202055051007
202055051008
202055051009
202055051010
202055051011
202055051601
202055051602
202055051603
202055051604
202055051605
202055051606
202055051607
202055051608
202055051609
202055051610
202055051611
202055051612
202055051701
202055051702
202055051703
202055051704
202055051705
202055051706
202055051707
202055051708
202055051709
202055051710
202055051711
202055051712
202055052301
202055052302
202055052303
202055052304
202055052305
202055052306
202055052307
202055052308
202055052309
202055052310
202055052311
202055052312
202055052401
202055052402
202055052403
202055052404
202055052405
202055052406
202055052407
202055052408
202055052409
202055052410
202055052411
202055052412
202055053001
202055053002
202055053003
202055053004
202055053005
202055053006
202055053007
202055053008
202055053009
202055053010
202055053011
202055053012
202055053101
202055053102
202055053103
202055053104
202055053105
202055053106
202055053107
202055053108
202055053109
202055053110
202055053111
202055053112
202065050201
202065050202
202065050203
202065050204
202065050205
202065050206
202065050207
202065050208
202065050209
202065050210
202065050211
202065050301
202065050302
202065050303
202065050304
202065050305
202065050306
202065050307
202065050308
202065050309
202065050310
202065050311
202065050901
202065050902
202065050903
202065050904
202065050905
202065050906
202065050907
202065050908
202065050909
202065050910
202065050911
202065051001
202065051002
202065051003
202065051004
202065051005
202065051006
202065051007
202065051008
202065051009
202065051010
202065051011
202065051601
202065051602
202065051603
202065051604
202065051605
202065051606
202065051607
202065051608
202065051609
202065051610
202065051611
202065051701
202065051702
202065051703
202065051704
202065051705
202065051706
202065051707
202065051708
202065051709
202065051710
202065051711
202065052301
202065052302
202065052303
202065052304
202065052305
202065052306
202065052307
202065052308
202065052309
202065052310
202065052311
202065052401
202065052402
202065052403
202065052404
202065052405
202065052406
202065052407
202065052408
202065052409
202065052410
202065052411
202065053001
202065053002
202065053003
202065053004
202065053005
202065053006
202065053007
202065053008
202065053009
202065053010
202065053011
202065053101
202065053102
202065053103
202065053104
202065053105
202065053106
202065053107
202065053108
202065053109
202065053110
202065053111