202001010301
202001010302
202001010303
202001010304
202001010305
202001010306
202001010307
202001010308
202001010309
202001010310
202001010311
202001010312
202001010401
202001010402
202001010403
202001010404
202001010405
202001010406
202001010407
202001010408
202001010409
202001010410
202001010411
202001010412
202001010501
202001010502
202001010503
202001010504
202001010505
202001010506
202001010507
202001010508
202001010509
202001010510
202001010511
202001010512
202001010601
202001010602
202001010603
202001010604
202001010605
202001010606
202001010607
202001010608
202001010609
202001010610
202001010611
202001010612
202001020101
202001020102
202001020103
202001020104
202001020105
202001020106
202001020107
202001020108
202001020109
202001020110
202001020111
202001020112
202001020201
202001020202
202001020203
202001020204
202001020205
202001020206
202001020207
202001020208
202001020209
202001020210
202001020211
202001020212
202001020301
202001020302
202001020303
202001020304
202001020305
202001020306
202001020307
202001020308
202001020309
202001020310
202001020311
202001020312
202001020401
202001020402
202001020403
202001020404
202001020405
202001020406
202001020407
202001020408
202001020409
202001020410
202001020411
202001020412
202001020501
202001020502
202001020503
202001020504
202001020505
202001020506
202001020507
202001020508
202001020509
202001020510
202001020511
202001020512
202001020601
202001020602
202001020603
202001020604
202001020605
202001020606
202001020607
202001020608
202001020609
202001020610
202001020611
202001020612
202004020301
202004020302
202004020303
202004020304
202004020305
202004020306
202004020307
202004020308
202004020309
202004020310
202004020311
202004020312
202004020401
202004020402
202004020403
202004020404
202004020405
202004020406
202004020407
202004020408
202004020409
202004020410
202004020411
202004020412
202004020501
202004020502
202004020503
202004020504
202004020505
202004020506
202004020507
202004020508
202004020509
202004020510
202004020511
202004020512
202004020601
202004020602
202004020603
202004020604
202004020605
202004020606
202004020607
202004020608
202004020609
202004020610
202004020611
202004020612
202004030101
202004030102
202004030103
202004030104
202004030105
202004030106
202004030107
202004030108
202004030109
202004030110
202004030111
202004030112
202004030201
202004030202
202004030203
202004030204
202004030205
202004030206
202004030207
202004030208
202004030209
202004030210
202004030211
202004030212
202004030301
202004030302
202004030303
202004030304
202004030305
202004030306
202004030307
202004030308
202004030309
202004030310
202004030311
202004030312
202004030401
202004030402
202004030403
202004030404
202004030405
202004030406
202004030407
202004030408
202004030409
202004030410
202004030411
202004030412
202004030501
202004030502
202004030503
202004030504
202004030505
202004030506
202004030507
202004030508
202004030509
202004030510
202004030511
202004030512
202004030601
202004030602
202004030603
202004030604
202004030605
202004030606
202004030607
202004030608
202004030609
202004030610
202004030611
202004030612
202010020101
202010020102
202010020103
202010020104
202010020105
202010020106
202010020107
202010020108
202010020109
202010020110
202010020111
202010020112
202010020201
202010020202
202010020203
202010020204
202010020205
202010020206
202010020207
202010020208
202010020209
202010020210
202010020211
202010020212
202010020301
202010020302
202010020303
202010020304
202010020305
202010020306
202010020307
202010020308
202010020309
202010020310
202010020311
202010020312
202010020401
202010020402
202010020403
202010020404
202010020405
202010020406
202010020407
202010020408
202010020409
202010020410
202010020411
202010020412
202010020501
202010020502
202010020503
202010020504
202010020505
202010020506
202010020507
202010020508
202010020509
202010020510
202010020511
202010020512
202010020601
202010020602
202010020603
202010020604
202010020605
202010020606
202010020607
202010020608
202010020609
202010020610
202010020611
202010020612
202035080101
202035080102
202035080103
202035080104
202035080105
202035080106
202035080107
202035080108
202035080109
202035080110
202035080111
202035080201
202035080202
202035080203
202035080204
202035080205
202035080206
202035080207
202035080208
202035080209
202035080210
202035080211
202035080801
202035080802
202035080803
202035080804
202035080805
202035080806
202035080807
202035080808
202035080809
202035080810
202035080811
202035080901
202035080902
202035080903
202035080904
202035080905
202035080906
202035080907
202035080908
202035080909
202035080910
202035080911
202035081501
202035081502
202035081503
202035081504
202035081505
202035081506
202035081507
202035081508
202035081509
202035081510
202035081511
202035081601
202035081602
202035081603
202035081604
202035081605
202035081606
202035081607
202035081608
202035081609
202035081610
202035081611
202036082201
202036082202
202036082203
202036082204
202036082205
202036082206
202036082207
202036082208
202036082209
202036082210
202036082301
202036082302
202036082303
202036082304
202036082305
202036082306
202036082307
202036082308
202036082309
202036082310
202036082311
202036082901
202036082902
202036082903
202036082904
202036082905
202036082906
202036082907
202036082908
202036082909
202036082910
202036083001
202036083002
202036083003
202036083004
202036083005
202036083006
202036083007
202036083008
202036083009
202036083010
202036083011
202044080101
202044080102
202044080103
202044080104
202044080105
202044080106
202044080107
202044080108
202044080109
202044080110
202044080111
202044080112
202044081601
202044081602
202044081603
202044081604
202044081605
202044081606
202044081607
202044081608
202044081609
202044081610
202046080201
202046080202
202046080203
202046080204
202046080205
202046080206
202046080207
202046080208
202046080209
202046080210
202046080211
202046081601
202046081602
202046081603
202046081604
202046081605
202046081606
202046081607
202046081608
202046081609
202046081610
202046081611
202046082301
202046082302
202046082303
202046082304
202046082305
202046082306
202046082307
202046082308
202046082309
202046082310
202046082311
202046083001
202046083002
202046083003
202046083004
202046083005
202046083006
202046083007
202046083008
202046083009
202046083010
202046083011
202054080801
202054080802
202054080803
202054080804
202054080805
202054080806
202054080807
202054080808
202054080809
202054080810
202054080811
202054080812
202054080901
202054080902
202054080903
202054080904
202054080905
202054080906
202054080907
202054080908
202054080909
202054080910
202054080911
202054080912
202054081501
202054081502
202054081503
202054081504
202054081505
202054081506
202054081507
202054081508
202054081509
202054081510
202054081511
202054081512
202054081601
202054081602
202054081603
202054081604
202054081605
202054081606
202054081607
202054081608
202054081609
202054081610
202054081611
202054081612
202054082201
202054082202
202054082203
202054082204
202054082205
202054082206
202054082207
202054082208
202054082209
202054082210
202054082211
202054082212
202054082301
202054082302
202054082303
202054082304
202054082305
202054082306
202054082307
202054082308
202054082309
202054082310
202054082311
202054082312
202054082901
202054082902
202054082903
202054082904
202054082905
202054082906
202054082907
202054082908
202054082909
202054082910
202054082911
202054082912
202054083001
202054083002
202054083003
202054083004
202054083005
202054083006
202054083007
202054083008
202054083009
202054083010
202054083011
202054083012
202055081601
202055081602
202055081603
202055081604
202055081605
202055081606
202055081607
202055081608
202055081609
202055081610
202055081611
202055082201
202055082202
202055082203
202055082204
202055082205
202055082206
202055082207
202055082208
202055082209
202055082210
202055082211
202055082901
202055082902
202055082903
202055082904
202055082905
202055082906
202055082907
202055082908
202055082909
202055082910
202055082911
202055083001
202055083002
202055083003
202055083004
202055083005
202055083006
202055083007
202055083008
202055083009
202055083010
202055083011
202065080101
202065080102
202065080103
202065080104
202065080105
202065080106
202065080107
202065080108
202065080109
202065080110
202065080111
202065080201
202065080202
202065080203
202065080204
202065080205
202065080206
202065080207
202065080208
202065080209
202065080210
202065080211
202065080801
202065080802
202065080803
202065080804
202065080805
202065080806
202065080807
202065080808
202065080809
202065080810
202065080811
202065080901
202065080902
202065080903
202065080904
202065080905
202065080906
202065080907
202065080908
202065080909
202065080910
202065080911
202065081501
202065081502
202065081503
202065081504
202065081505
202065081506
202065081507
202065081508
202065081509
202065081510
202065081511
202065081601
202065081602
202065081603
202065081604
202065081605
202065081606
202065081607
202065081608
202065081609
202065081610
202065081611
202065082201
202065082202
202065082203
202065082204
202065082205
202065082206
202065082207
202065082208
202065082209
202065082210
202065082211
202065082301
202065082302
202065082303
202065082304
202065082305
202065082306
202065082307
202065082308
202065082309
202065082310
202065082311
202065082901
202065082902
202065082903
202065082904
202065082905
202065082906
202065082907
202065082908
202065082909
202065082910
202065082911
202065083001
202065083002
202065083003
202065083004
202065083005
202065083006
202065083007
202065083008
202065083009
202065083010
202065083011