202001010101
202001010102
202001010103
202001010104
202001010105
202001010106
202001010107
202001010108
202001010109
202001010110
202001010111
202001010112
202001010201
202001010202
202001010203
202001010204
202001010205
202001010206
202001010207
202001010208
202001010209
202001010210
202001010211
202001010212
202002020101
202002020102
202002020103
202002020104
202002020105
202002020106
202002020107
202002020108
202002020109
202002020110
202002020111
202002020112
202002020201
202002020202
202002020203
202002020204
202002020205
202002020206
202002020207
202002020208
202002020209
202002020210
202002020211
202002020212
202002020301
202002020302
202002020303
202002020304
202002020305
202002020306
202002020307
202002020308
202002020309
202002020310
202002020311
202002020312
202002020401
202002020402
202002020403
202002020404
202002020405
202002020406
202002020407
202002020408
202002020409
202002020410
202002020411
202002020412
202002020501
202002020502
202002020503
202002020504
202002020505
202002020506
202002020507
202002020508
202002020509
202002020510
202002020511
202002020512
202002020601
202002020602
202002020603
202002020604
202002020605
202002020606
202002020607
202002020608
202002020609
202002020610
202002020611
202002020612
202003020101
202003020102
202003020103
202003020104
202003020105
202003020106
202003020107
202003020108
202003020109
202003020110
202003020111
202003020112
202003020201
202003020202
202003020203
202003020204
202003020205
202003020206
202003020207
202003020208
202003020209
202003020210
202003020211
202003020212
202003020301
202003020302
202003020303
202003020304
202003020305
202003020306
202003020307
202003020308
202003020309
202003020310
202003020311
202003020312
202003020401
202003020402
202003020403
202003020404
202003020405
202003020406
202003020407
202003020408
202003020409
202003020410
202003020411
202003020412
202003020501
202003020502
202003020503
202003020504
202003020505
202003020506
202003020507
202003020508
202003020509
202003020510
202003020511
202003020512
202003020601
202003020602
202003020603
202003020604
202003020605
202003020606
202003020607
202003020608
202003020609
202003020610
202003020611
202003020612
202004020101
202004020102
202004020103
202004020104
202004020105
202004020106
202004020107
202004020108
202004020109
202004020110
202004020111
202004020112
202004020201
202004020202
202004020203
202004020204
202004020205
202004020206
202004020207
202004020208
202004020209
202004020210
202004020211
202004020212
202009040101
202009040102
202009040103
202009040104
202009040105
202009040106
202009040107
202009040108
202009040109
202009040110
202009040111
202009040112
202009040201
202009040202
202009040203
202009040204
202009040205
202009040206
202009040207
202009040208
202009040209
202009040210
202009040211
202009040212
202009040301
202009040302
202009040303
202009040304
202009040305
202009040306
202009040307
202009040308
202009040309
202009040310
202009040311
202009040312
202009040401
202009040402
202009040403
202009040404
202009040405
202009040406
202009040407
202009040408
202009040409
202009040410
202009040411
202009040412
202009040501
202009040502
202009040503
202009040504
202009040505
202009040506
202009040507
202009040508
202009040509
202009040510
202009040511
202009040512
202009040601
202009040602
202009040603
202009040604
202009040605
202009040606
202009040607
202009040608
202009040609
202009040610
202009040611
202009040612
202035071201
202035071202
202035071203
202035071204
202035071205
202035071206
202035071207
202035071208
202035071209
202035071210
202035071211
202035071901
202035071902
202035071903
202035071904
202035071905
202035071906
202035071907
202035071908
202035071909
202035071910
202035071911
202035072601
202035072602
202035072603
202035072604
202035072605
202035072606
202035072607
202035072608
202035072609
202035072610
202035072611
202036070501
202036070502
202036070503
202036070504
202036070505
202036070506
202036070507
202036070508
202036070509
202036070510
202036070511
202043071801
202043071802
202043071803
202043071804
202043071805
202043071806
202043071807
202043071808
202043071901
202043071902
202043071903
202043071904
202043071905
202043071906
202043071907
202043071908
202043071909
202043071910
202043071911
202043071912
202046070501
202046070502
202046070503
202046070504
202046070505
202046070506
202046070507
202046070508
202046070509
202046070510
202046070511
202046071201
202046071202
202046071203
202046071204
202046071205
202046071206
202046071207
202046071208
202046071209
202046071210
202046071211
202046071212
202046072601
202046072602
202046072603
202046072604
202046072605
202046072606
202046072607
202046072608
202046072609
202046072610
202046072611
202054070401
202054070402
202054070403
202054070404
202054070405
202054070406
202054070407
202054070408
202054070409
202054070410
202054070411
202054070412
202054070501
202054070502
202054070503
202054070504
202054070505
202054070506
202054070507
202054070508
202054070509
202054070510
202054070511
202054070512
202054071101
202054071102
202054071103
202054071104
202054071105
202054071106
202054071107
202054071108
202054071109
202054071110
202054071111
202054071112
202054071201
202054071202
202054071203
202054071204
202054071205
202054071206
202054071207
202054071208
202054071209
202054071210
202054071211
202054071212
202054071801
202054071802
202054071803
202054071804
202054071805
202054071806
202054071807
202054071808
202054071809
202054071810
202054071811
202054071812
202054071901
202054071902
202054071903
202054071904
202054071905
202054071906
202054071907
202054071908
202054071909
202054071910
202054071911
202054071912
202054072501
202054072502
202054072503
202054072504
202054072505
202054072506
202054072507
202054072508
202054072509
202054072510
202054072511
202054072512
202054072601
202054072602
202054072603
202054072604
202054072605
202054072606
202054072607
202054072608
202054072609
202054072610
202054072611
202054072612
202055070401
202055070402
202055070403
202055070404
202055070405
202055070406
202055070407
202055070408
202055070409
202055070410
202055070411
202055070412
202055070501
202055070502
202055070503
202055070504
202055070505
202055070506
202055070507
202055070508
202055070509
202055070510
202055070511
202055070512
202055071101
202055071102
202055071103
202055071104
202055071105
202055071106
202055071107
202055071108
202055071109
202055071110
202055071111
202055071112
202055071201
202055071202
202055071203
202055071204
202055071205
202055071206
202055071207
202055071208
202055071209
202055071210
202055071211
202055071212
202055071801
202055071802
202055071803
202055071804
202055071805
202055071806
202055071807
202055071808
202055071809
202055071810
202055071811
202055071812
202055071901
202055071902
202055071903
202055071904
202055071905
202055071906
202055071907
202055071908
202055071909
202055071910
202055071911
202055071912
202065070401
202065070402
202065070403
202065070404
202065070405
202065070406
202065070407
202065070408
202065070409
202065070410
202065070411
202065070501
202065070502
202065070503
202065070504
202065070505
202065070506
202065070507
202065070508
202065070509
202065070510
202065070511
202065071101
202065071102
202065071103
202065071104
202065071105
202065071106
202065071107
202065071108
202065071109
202065071110
202065071111
202065071201
202065071202
202065071203
202065071204
202065071205
202065071206
202065071207
202065071208
202065071209
202065071210
202065071211
202065071801
202065071802
202065071803
202065071804
202065071805
202065071806
202065071807
202065071808
202065071809
202065071810
202065071811
202065071901
202065071902
202065071903
202065071904
202065071905
202065071906
202065071907
202065071908
202065071909
202065071910
202065071911
202065072501
202065072502
202065072503
202065072504
202065072505
202065072506
202065072507
202065072508
202065072509
202065072510
202065072511
202065072601
202065072602
202065072603
202065072604
202065072605
202065072606
202065072607
202065072608
202065072609
202065072610
202065072611