202003010101
202003010102
202003010103
202003010104
202003010105
202003010106
202003010107
202003010108
202003010109
202003010110
202003010111
202003010112
202003010201
202003010202
202003010203
202003010204
202003010205
202003010206
202003010207
202003010208
202003010209
202003010210
202003010211
202003010212
202003010301
202003010302
202003010303
202003010304
202003010305
202003010306
202003010307
202003010308
202003010309
202003010310
202003010311
202003010312
202003010401
202003010402
202003010403
202003010404
202003010405
202003010406
202003010407
202003010408
202003010409
202003010410
202003010411
202003010412
202003010501
202003010502
202003010503
202003010504
202003010505
202003010506
202003010507
202003010508
202003010509
202003010510
202003010511
202003010512
202003010601
202003010602
202003010603
202003010604
202003010605
202003010606
202003010607
202003010608
202003010609
202003010610
202003010611
202003010612
202005020101
202005020102
202005020103
202005020104
202005020105
202005020106
202005020107
202005020108
202005020109
202005020110
202005020111
202005020112
202005020201
202005020202
202005020203
202005020204
202005020205
202005020206
202005020207
202005020208
202005020209
202005020210
202005020211
202005020212
202006030301
202006030302
202006030303
202006030304
202006030305
202006030306
202006030307
202006030308
202006030309
202006030310
202006030311
202006030312
202006030401
202006030402
202006030403
202006030404
202006030405
202006030406
202006030407
202006030408
202006030409
202006030410
202006030411
202006030412
202006030501
202006030502
202006030503
202006030504
202006030505
202006030506
202006030507
202006030508
202006030509
202006030510
202006030511
202006030512
202006030601
202006030602
202006030603
202006030604
202006030605
202006030606
202006030607
202006030608
202006030609
202006030610
202006030611
202006030612
202006030701
202006030702
202006030703
202006030704
202006030705
202006030706
202006030707
202006030708
202006030709
202006030710
202006030711
202006030712
202006030801
202006030802
202006030803
202006030804
202006030805
202006030806
202006030807
202006030808
202006030809
202006030810
202006030811
202006030812
202008030101
202008030102
202008030103
202008030104
202008030105
202008030106
202008030107
202008030108
202008030109
202008030110
202008030111
202008030112
202008030201
202008030202
202008030203
202008030204
202008030205
202008030206
202008030207
202008030208
202008030209
202008030210
202008030211
202008030212
202009020301
202009020302
202009020303
202009020304
202009020305
202009020306
202009020307
202009020308
202009020309
202009020310
202009020311
202009020312
202009020401
202009020402
202009020403
202009020404
202009020405
202009020406
202009020407
202009020408
202009020409
202009020410
202009020411
202009020412
202009020501
202009020502
202009020503
202009020504
202009020505
202009020506
202009020507
202009020508
202009020509
202009020510
202009020511
202009020512
202009020601
202009020602
202009020603
202009020604
202009020605
202009020606
202009020607
202009020608
202009020609
202009020610
202009020611
202009020612
202009020701
202009020702
202009020703
202009020704
202009020705
202009020706
202009020707
202009020708
202009020709
202009020710
202009020711
202009020712
202009020801
202009020802
202009020803
202009020804
202009020805
202009020806
202009020807
202009020808
202009020809
202009020810
202009020811
202009020812
202036040501
202036040502
202036040503
202036040504
202036040505
202036040506
202036040507
202036040508
202036040509
202036040510
202036040511
202036041201
202036041202
202036041203
202036041204
202036041205
202036041206
202036041207
202036041208
202036041209
202036041210
202036041211
202036041901
202036041902
202036041903
202036041904
202036041905
202036041906
202036041907
202036041908
202036041909
202036041910
202036041911
202036042601
202036042602
202036042603
202036042604
202036042605
202036042606
202036042607
202036042608
202036042609
202036042610
202036042611
202046040501
202046040502
202046040503
202046040504
202046040505
202046040506
202046040507
202046040508
202046040509
202046040510
202046041901
202046041902
202046041903
202046041904
202046041905
202046041906
202046041907
202046041908
202046041909
202046041910
202046041911
202054041101
202054041102
202054041103
202054041104
202054041105
202054041106
202054041107
202054041108
202054041109
202054041110
202054041111
202054041112
202054041201
202054041202
202054041203
202054041204
202054041205
202054041206
202054041207
202054041208
202054041209
202054041210
202054041211
202054041212
202054041801
202054041802
202054041803
202054041804
202054041805
202054041806
202054041807
202054041808
202054041809
202054041810
202054041811
202054041812
202054041901
202054041902
202054041903
202054041904
202054041905
202054041906
202054041907
202054041908
202054041909
202054041910
202054041911
202054041912
202054042501
202054042502
202054042503
202054042504
202054042505
202054042506
202054042507
202054042508
202054042509
202054042510
202054042511
202054042512
202054042601
202054042602
202054042603
202054042604
202054042605
202054042606
202054042607
202054042608
202054042609
202054042610
202054042611
202054042612
202055040401
202055040402
202055040403
202055040404
202055040405
202055040406
202055040407
202055040408
202055040409
202055040410
202055040411
202055040412
202055040501
202055040502
202055040503
202055040504
202055040505
202055040506
202055040507
202055040508
202055040509
202055040510
202055040511
202055040512
202055041101
202055041102
202055041103
202055041104
202055041105
202055041106
202055041107
202055041108
202055041109
202055041110
202055041111
202055041112
202055041201
202055041202
202055041203
202055041204
202055041205
202055041206
202055041207
202055041208
202055041209
202055041210
202055041211
202055041212
202055041801
202055041802
202055041803
202055041804
202055041805
202055041806
202055041807
202055041808
202055041809
202055041810
202055041811
202055041812
202055041901
202055041902
202055041903
202055041904
202055041905
202055041906
202055041907
202055041908
202055041909
202055041910
202055041911
202055041912
202055042501
202055042502
202055042503
202055042504
202055042505
202055042506
202055042507
202055042508
202055042509
202055042510
202055042511
202055042512
202055042601
202055042602
202055042603
202055042604
202055042605
202055042606
202055042607
202055042608
202055042609
202055042610
202055042611
202055042612
202065042501
202065042502
202065042503
202065042504
202065042505
202065042506
202065042507
202065042508
202065042509
202065042510
202065042511
202065042601
202065042602
202065042603
202065042604
202065042605
202065042606
202065042607
202065042608
202065042609
202065042610
202065042611