202006050101
202006050102
202006050103
202006050104
202006050105
202006050106
202006050107
202006050108
202006050109
202006050110
202006050111
202006050112
202006050201
202006050202
202006050203
202006050204
202006050205
202006050206
202006050207
202006050208
202006050209
202006050210
202006050211
202006050212
202006050301
202006050302
202006050303
202006050304
202006050305
202006050306
202006050307
202006050308
202006050309
202006050310
202006050311
202006050312
202006050401
202006050402
202006050403
202006050404
202006050405
202006050406
202006050407
202006050408
202006050409
202006050410
202006050411
202006050412
202006050501
202006050502
202006050503
202006050504
202006050505
202006050506
202006050507
202006050508
202006050509
202006050510
202006050511
202006050512
202006050601
202006050602
202006050603
202006050604
202006050605
202006050606
202006050607
202006050608
202006050609
202006050610
202006050611
202006050612
202006050701
202006050702
202006050703
202006050704
202006050705
202006050706
202006050707
202006050708
202006050709
202006050710
202006050711
202006050712
202006050801
202006050802
202006050803
202006050804
202006050805
202006050806
202006050807
202006050808
202006050809
202006050810
202006050811
202006050812
202007030101
202007030102
202007030103
202007030104
202007030105
202007030106
202007030107
202007030108
202007030109
202007030110
202007030111
202007030112
202007030201
202007030202
202007030203
202007030204
202007030205
202007030206
202007030207
202007030208
202007030209
202007030210
202007030211
202007030212
202007030301
202007030302
202007030303
202007030304
202007030305
202007030306
202007030307
202007030308
202007030309
202007030310
202007030311
202007030312
202007030401
202007030402
202007030403
202007030404
202007030405
202007030406
202007030407
202007030408
202007030409
202007030410
202007030411
202007030412
202007030501
202007030502
202007030503
202007030504
202007030505
202007030506
202007030507
202007030508
202007030509
202007030510
202007030511
202007030512
202007030601
202007030602
202007030603
202007030604
202007030605
202007030606
202007030607
202007030608
202007030609
202007030610
202007030611
202007030612
202009060101
202009060102
202009060103
202009060104
202009060105
202009060106
202009060107
202009060108
202009060109
202009060110
202009060111
202009060112
202009060201
202009060202
202009060203
202009060204
202009060205
202009060206
202009060207
202009060208
202009060209
202009060210
202009060211
202009060212
202009060301
202009060302
202009060303
202009060304
202009060305
202009060306
202009060307
202009060308
202009060309
202009060310
202009060311
202009060312
202009060401
202009060402
202009060403
202009060404
202009060405
202009060406
202009060407
202009060408
202009060409
202009060410
202009060411
202009060412
202009060501
202009060502
202009060503
202009060504
202009060505
202009060506
202009060507
202009060508
202009060509
202009060510
202009060511
202009060512
202009060601
202009060602
202009060603
202009060604
202009060605
202009060606
202009060607
202009060608
202009060609
202009060610
202009060611
202009060612
202009060701
202009060702
202009060703
202009060704
202009060705
202009060706
202009060707
202009060708
202009060709
202009060710
202009060711
202009060712
202009060801
202009060802
202009060803
202009060804
202009060805
202009060806
202009060807
202009060808
202009060809
202009060810
202009060811
202009060812
202036120601
202036120602
202036120603
202036120604
202036120605
202036120606
202036120607
202036120608
202036120609
202036120610
202036120611
202036121301
202036121302
202036121303
202036121304
202036121305
202036121306
202036121307
202036121308
202036121309
202036121310
202036121311
202036121901
202036121902
202036121903
202036121904
202036121905
202036121906
202036121907
202036121908
202036121909
202036121910
202036121911
202036122001
202036122002
202036122003
202036122004
202036122005
202036122006
202036122007
202036122008
202036122009
202036122010
202036122011
202036122601
202036122602
202036122603
202036122604
202036122605
202036122606
202036122607
202036122608
202036122609
202036122610
202036122701
202036122702
202036122703
202036122704
202036122705
202036122706
202036122707
202036122708
202036122709
202036122710
202046120601
202046120602
202046120603
202046120604
202046120605
202046120606
202046120607
202046120608
202046120609
202046120610
202054120501
202054120502
202054120503
202054120504
202054120505
202054120506
202054120507
202054120508
202054120509
202054120510
202054120511
202054120512
202054120601
202054120602
202054120603
202054120604
202054120605
202054120606
202054120607
202054120608
202054120609
202054120610
202054120611
202054120612
202054121201
202054121202
202054121203
202054121204
202054121205
202054121206
202054121207
202054121208
202054121209
202054121210
202054121211
202054121212
202054121301
202054121302
202054121303
202054121304
202054121305
202054121306
202054121307
202054121308
202054121309
202054121310
202054121311
202054121312
202054121901
202054121902
202054121903
202054121904
202054121905
202054121906
202054121907
202054121908
202054121909
202054121910
202054121911
202054121912
202054122001
202054122002
202054122003
202054122004
202054122005
202054122006
202054122007
202054122008
202054122009
202054122010
202054122011
202054122012
202054122601
202054122602
202054122603
202054122604
202054122605
202054122606
202054122607
202054122608
202054122609
202054122610
202054122611
202054122612
202054122701
202054122702
202054122703
202054122704
202054122705
202054122706
202054122707
202054122708
202054122709
202054122710
202054122711
202054122712
202055120501
202055120502
202055120503
202055120504
202055120505
202055120506
202055120507
202055120508
202055120509
202055120510
202055120511
202055120601
202055120602
202055120603
202055120604
202055120605
202055120606
202055120607
202055120608
202055120609
202055120610
202055120611
202055121201
202055121202
202055121203
202055121204
202055121205
202055121206
202055121207
202055121208
202055121209
202055121210
202055121211
202055121301
202055121302
202055121303
202055121304
202055121305
202055121306
202055121307
202055121308
202055121309
202055121310
202055121311
202055121901
202055121902
202055121903
202055121904
202055121905
202055121906
202055121907
202055121908
202055121909
202055121910
202055121911
202055122001
202055122002
202055122003
202055122004
202055122005
202055122006
202055122007
202055122008
202055122009
202055122010
202055122011
202055122601
202055122602
202055122603
202055122604
202055122605
202055122606
202055122607
202055122608
202055122609
202055122610
202055122611
202055122701
202055122702
202055122703
202055122704
202055122705
202055122706
202055122707
202055122708
202055122709
202055122710
202055122711
202065120501
202065120502
202065120503
202065120504
202065120505
202065120506
202065120507
202065120508
202065120509
202065120510
202065120511
202065120601
202065120602
202065120603
202065120604
202065120605
202065120606
202065120607
202065120608
202065120609
202065120610
202065120611
202065120612
202065121201
202065121202
202065121203
202065121204
202065121205
202065121206
202065121207
202065121208
202065121209
202065121210
202065121211
202065121301
202065121302
202065121303
202065121304
202065121305
202065121306
202065121307
202065121308
202065121309
202065121310
202065121311
202065121312
202065121901
202065121902
202065121903
202065121904
202065121905
202065121906
202065121907
202065121908
202065121909
202065121910
202065121911
202065122001
202065122002
202065122003
202065122004
202065122005
202065122006
202065122007
202065122008
202065122009
202065122010
202065122011
202065122012
202065122601
202065122602
202065122603
202065122604
202065122605
202065122606
202065122607
202065122608
202065122609
202065122610
202065122611
202065122612
202065122701
202065122702
202065122703
202065122704
202065122705
202065122706
202065122707
202065122708
202065122709
202065122710
202065122711
202065122712