202002010101
202002010102
202002010103
202002010104
202002010105
202002010106
202002010107
202002010108
202002010109
202002010110
202002010111
202002010112
202002010201
202002010202
202002010203
202002010204
202002010205
202002010206
202002010207
202002010208
202002010209
202002010210
202002010211
202002010212
202002010301
202002010302
202002010303
202002010304
202002010305
202002010306
202002010307
202002010308
202002010309
202002010310
202002010311
202002010312
202002010401
202002010402
202002010403
202002010404
202002010405
202002010406
202002010407
202002010408
202002010409
202002010410
202002010411
202002010412
202002010501
202002010502
202002010503
202002010504
202002010505
202002010506
202002010507
202002010508
202002010509
202002010510
202002010511
202002010512
202002010601
202002010602
202002010603
202002010604
202002010605
202002010606
202002010607
202002010608
202002010609
202002010610
202002010611
202002010612
202005030101
202005030102
202005030103
202005030104
202005030105
202005030106
202005030107
202005030108
202005030109
202005030110
202005030111
202005030112
202005030201
202005030202
202005030203
202005030204
202005030205
202005030206
202005030207
202005030208
202005030209
202005030210
202005030211
202005030212
202005030301
202005030302
202005030303
202005030304
202005030305
202005030306
202005030307
202005030308
202005030309
202005030310
202005030311
202005030312
202005030401
202005030402
202005030403
202005030404
202005030405
202005030406
202005030407
202005030408
202005030409
202005030410
202005030411
202005030412
202005030501
202005030502
202005030503
202005030504
202005030505
202005030506
202005030507
202005030508
202005030509
202005030510
202005030511
202005030512
202005030601
202005030602
202005030603
202005030604
202005030605
202005030606
202005030607
202005030608
202005030609
202005030610
202005030611
202005030612
202005030701
202005030702
202005030703
202005030704
202005030705
202005030706
202005030707
202005030708
202005030709
202005030710
202005030711
202005030712
202005030801
202005030802
202005030803
202005030804
202005030805
202005030806
202005030807
202005030808
202005030809
202005030810
202005030811
202005030812
202009030101
202009030102
202009030103
202009030104
202009030105
202009030106
202009030107
202009030108
202009030109
202009030110
202009030111
202009030112
202009030201
202009030202
202009030203
202009030204
202009030205
202009030206
202009030207
202009030208
202009030209
202009030210
202009030211
202009030212
202009030301
202009030302
202009030303
202009030304
202009030305
202009030306
202009030307
202009030308
202009030309
202009030310
202009030311
202009030312
202009030401
202009030402
202009030403
202009030404
202009030405
202009030406
202009030407
202009030408
202009030409
202009030410
202009030411
202009030412
202009030501
202009030502
202009030503
202009030504
202009030505
202009030506
202009030507
202009030508
202009030509
202009030510
202009030511
202009030512
202009030601
202009030602
202009030603
202009030604
202009030605
202009030606
202009030607
202009030608
202009030609
202009030610
202009030611
202009030612
202009030701
202009030702
202009030703
202009030704
202009030705
202009030706
202009030707
202009030708
202009030709
202009030710
202009030711
202009030712
202009030801
202009030802
202009030803
202009030804
202009030805
202009030806
202009030807
202009030808
202009030809
202009030810
202009030811
202009030812
202035060701
202035060702
202035060703
202035060704
202035060705
202035060706
202035060707
202035060708
202035060709
202035060710
202035060711
202036061401
202036061402
202036061403
202036061404
202036061405
202036061406
202036061407
202036061408
202036061409
202036061410
202036061411
202036062101
202036062102
202036062103
202036062104
202036062105
202036062106
202036062107
202036062108
202036062109
202036062110
202036062111
202036062801
202036062802
202036062803
202036062804
202036062805
202036062806
202036062807
202036062808
202036062809
202036062810
202036062811
202046060701
202046060702
202046060703
202046060704
202046060705
202046060706
202046060707
202046060708
202046060709
202046060710
202046060711
202046060712
202046061401
202046061402
202046061403
202046061404
202046061405
202046061406
202046061407
202046061408
202046061409
202046061410
202046061411
202046062101
202046062102
202046062103
202046062104
202046062105
202046062106
202046062107
202046062108
202046062109
202046062110
202046062111
202046062801
202046062802
202046062803
202046062804
202046062805
202046062806
202046062807
202046062808
202046062809
202046062810
202046062811
202046062812
202054061301
202054061302
202054061303
202054061304
202054061305
202054061306
202054061307
202054061308
202054061309
202054061310
202054061311
202054061312
202054061401
202054061402
202054061403
202054061404
202054061405
202054061406
202054061407
202054061408
202054061409
202054061410
202054061411
202054061412
202054062001
202054062002
202054062003
202054062004
202054062005
202054062006
202054062007
202054062008
202054062009
202054062010
202054062011
202054062012
202054062101
202054062102
202054062103
202054062104
202054062105
202054062106
202054062107
202054062108
202054062109
202054062110
202054062111
202054062112
202054062701
202054062702
202054062703
202054062704
202054062705
202054062706
202054062707
202054062708
202054062709
202054062710
202054062711
202054062712
202054062801
202054062802
202054062803
202054062804
202054062805
202054062806
202054062807
202054062808
202054062809
202054062810
202054062811
202054062812
202055060601
202055060602
202055060603
202055060604
202055060605
202055060606
202055060607
202055060608
202055060609
202055060610
202055060611
202055060612
202055060701
202055060702
202055060703
202055060704
202055060705
202055060706
202055060707
202055060708
202055060709
202055060710
202055060711
202055060712
202055061301
202055061302
202055061303
202055061304
202055061305
202055061306
202055061307
202055061308
202055061309
202055061310
202055061311
202055061312
202055061401
202055061402
202055061403
202055061404
202055061405
202055061406
202055061407
202055061408
202055061409
202055061410
202055061411
202055061412
202055062001
202055062002
202055062003
202055062004
202055062005
202055062006
202055062007
202055062008
202055062009
202055062010
202055062011
202055062012
202055062101
202055062102
202055062103
202055062104
202055062105
202055062106
202055062107
202055062108
202055062109
202055062110
202055062111
202055062112
202055062701
202055062702
202055062703
202055062704
202055062705
202055062706
202055062707
202055062708
202055062709
202055062710
202055062711
202055062712
202055062801
202055062802
202055062803
202055062804
202055062805
202055062806
202055062807
202055062808
202055062809
202055062810
202055062811
202055062812
202065060601
202065060602
202065060603
202065060604
202065060605
202065060606
202065060607
202065060608
202065060609
202065060610
202065060611
202065060701
202065060702
202065060703
202065060704
202065060705
202065060706
202065060707
202065060708
202065060709
202065060710
202065060711
202065061301
202065061302
202065061303
202065061304
202065061305
202065061306
202065061307
202065061308
202065061309
202065061310
202065061311
202065061401
202065061402
202065061403
202065061404
202065061405
202065061406
202065061407
202065061408
202065061409
202065061410
202065061411
202065062001
202065062002
202065062003
202065062004
202065062005
202065062006
202065062007
202065062008
202065062009
202065062010
202065062011
202065062101
202065062102
202065062103
202065062104
202065062105
202065062106
202065062107
202065062108
202065062109
202065062110
202065062111
202065062701
202065062702
202065062703
202065062704
202065062705
202065062706
202065062707
202065062708
202065062709
202065062710
202065062711
202065062801
202065062802
202065062803
202065062804
202065062805
202065062806
202065062807
202065062808
202065062809
202065062810
202065062811