202003030201
202003030202
202003030203
202003030204
202003030205
202003030206
202003030207
202003030208
202003030209
202003030210
202003030211
202003030212
202003030301
202003030302
202003030303
202003030304
202003030305
202003030306
202003030307
202003030308
202003030309
202003030310
202003030311
202003030312
202003030401
202003030402
202003030403
202003030404
202003030405
202003030406
202003030407
202003030408
202003030409
202003030410
202003030411
202003030412
202003030501
202003030502
202003030503
202003030504
202003030505
202003030506
202003030507
202003030508
202003030509
202003030510
202003030511
202003030512
202003030601
202003030602
202003030603
202003030604
202003030605
202003030606
202003030607
202003030608
202003030609
202003030610
202003030611
202003030612
202005040801
202005040802
202005040803
202005040804
202005040805
202005040806
202005040807
202005040808
202005040809
202005040810
202005040811
202005040812
202005050101
202005050102
202005050103
202005050104
202005050105
202005050106
202005050107
202005050108
202005050109
202005050110
202005050111
202005050112
202005050201
202005050202
202005050203
202005050204
202005050205
202005050206
202005050207
202005050208
202005050209
202005050210
202005050211
202005050212
202005050301
202005050302
202005050303
202005050304
202005050305
202005050306
202005050307
202005050308
202005050309
202005050310
202005050311
202005050312
202005050401
202005050402
202005050403
202005050404
202005050405
202005050406
202005050407
202005050408
202005050409
202005050410
202005050411
202005050412
202005050501
202005050502
202005050503
202005050504
202005050505
202005050506
202005050507
202005050508
202005050509
202005050510
202005050511
202005050512
202005050601
202005050602
202005050603
202005050604
202005050605
202005050606
202005050607
202005050608
202005050609
202005050610
202005050611
202005050612
202005050701
202005050702
202005050703
202005050704
202005050705
202005050706
202005050707
202005050708
202005050709
202005050710
202005050711
202005050712
202005050801
202005050802
202005050803
202005050804
202005050805
202005050806
202005050807
202005050808
202005050809
202005050810
202005050811
202005050812
202005050901
202005050902
202005050903
202005050904
202005050905
202005050906
202005050907
202005050908
202005050909
202005050910
202005050911
202005050912
202008040801
202008040802
202008040803
202008040804
202008040805
202008040806
202008040807
202008040808
202008040809
202008040810
202008040811
202008040812
202009050101
202009050102
202009050103
202009050104
202009050105
202009050106
202009050107
202009050108
202009050109
202009050110
202009050111
202009050112
202009050201
202009050202
202009050203
202009050204
202009050205
202009050206
202009050207
202009050208
202009050209
202009050210
202009050211
202009050212
202009050301
202009050302
202009050303
202009050304
202009050305
202009050306
202009050307
202009050308
202009050309
202009050310
202009050311
202009050312
202009050401
202009050402
202009050403
202009050404
202009050405
202009050406
202009050407
202009050408
202009050409
202009050410
202009050411
202009050412
202009050501
202009050502
202009050503
202009050504
202009050505
202009050506
202009050507
202009050508
202009050509
202009050510
202009050511
202009050512
202009050601
202009050602
202009050603
202009050604
202009050605
202009050606
202009050607
202009050608
202009050609
202009050610
202009050611
202009050612
202009050701
202009050702
202009050703
202009050704
202009050705
202009050706
202009050707
202009050708
202009050709
202009050710
202009050711
202009050712
202009050801
202009050802
202009050803
202009050804
202009050805
202009050806
202009050807
202009050808
202009050809
202009050810
202009050811
202009050812
202009050901
202009050902
202009050903
202009050904
202009050905
202009050906
202009050907
202009050908
202009050909
202009050910
202009050911
202009050912
202035110101
202035110102
202035110103
202035110104
202035110105
202035110106
202035110107
202035110108
202035110109
202035110110
202035110111
202035110701
202035110702
202035110703
202035110704
202035110705
202035110706
202035110707
202035110708
202035110709
202035110710
202035110711
202035110801
202035110802
202035110803
202035110804
202035110805
202035110806
202035110807
202035110808
202035110809
202035110810
202035110811
202035110812
202035111401
202035111402
202035111403
202035111404
202035111405
202035111406
202035111407
202035111408
202035111409
202035111410
202035111411
202035111501
202035111502
202035111503
202035111504
202035111505
202035111506
202035111507
202035111508
202035111509
202035111510
202035111511
202035112201
202035112202
202035112203
202035112204
202035112205
202035112206
202035112207
202035112208
202035112209
202035112210
202035112211
202035112301
202035112302
202035112303
202035112304
202035112305
202035112306
202035112307
202035112308
202035112309
202035112310
202035112311
202035112312
202036112901
202036112902
202036112903
202036112904
202036112905
202036112906
202036112907
202036112908
202036112909
202036112910
202036112911
202044110101
202044110102
202044110103
202044110104
202044110105
202044110106
202044110107
202044110108
202044110109
202044110110
202046110101
202046110102
202046110103
202046110104
202046110105
202046110106
202046110107
202046110108
202046110109
202046110110
202046110111
202046110801
202046110802
202046110803
202046110804
202046110805
202046110806
202046110807
202046110808
202046110809
202046110810
202046110811
202046111501
202046111502
202046111503
202046111504
202046111505
202046111506
202046111507
202046111508
202046111509
202046112201
202046112202
202046112203
202046112204
202046112205
202046112206
202046112207
202046112208
202046112209
202046112210
202046112901
202046112902
202046112903
202046112904
202046112905
202046112906
202046112907
202046112908
202046112909
202054110101
202054110102
202054110103
202054110104
202054110105
202054110106
202054110107
202054110108
202054110109
202054110110
202054110111
202054110112
202054110701
202054110702
202054110703
202054110704
202054110705
202054110706
202054110707
202054110708
202054110709
202054110710
202054110711
202054110712
202054110801
202054110802
202054110803
202054110804
202054110805
202054110806
202054110807
202054110808
202054110809
202054110810
202054110811
202054110812
202054111401
202054111402
202054111403
202054111404
202054111405
202054111406
202054111407
202054111408
202054111409
202054111410
202054111411
202054111412
202054111501
202054111502
202054111503
202054111504
202054111505
202054111506
202054111507
202054111508
202054111509
202054111510
202054111511
202054111512
202054112201
202054112202
202054112203
202054112204
202054112205
202054112206
202054112207
202054112208
202054112209
202054112210
202054112211
202054112212
202054112301
202054112302
202054112303
202054112304
202054112305
202054112306
202054112307
202054112308
202054112309
202054112310
202054112311
202054112312
202054112801
202054112802
202054112803
202054112804
202054112805
202054112806
202054112807
202054112808
202054112809
202054112810
202054112811
202054112812
202054112901
202054112902
202054112903
202054112904
202054112905
202054112906
202054112907
202054112908
202054112909
202054112910
202054112911
202054112912
202055110701
202055110702
202055110703
202055110704
202055110705
202055110706
202055110707
202055110708
202055110709
202055110710
202055110711
202055110801
202055110802
202055110803
202055110804
202055110805
202055110806
202055110807
202055110808
202055110809
202055110810
202055111401
202055111402
202055111403
202055111404
202055111405
202055111406
202055111407
202055111408
202055111409
202055111410
202055111411
202055111501
202055111502
202055111503
202055111504
202055111505
202055111506
202055111507
202055111508
202055111509
202055111510
202055111511
202055112101
202055112102
202055112103
202055112104
202055112105
202055112106
202055112107
202055112108
202055112109
202055112110
202055112111
202055112112
202055112201
202055112202
202055112203
202055112204
202055112205
202055112206
202055112207
202055112208
202055112209
202055112210
202055112301
202055112302
202055112303
202055112304
202055112305
202055112306
202055112307
202055112308
202055112309
202055112310
202055112311
202055112801
202055112802
202055112803
202055112804
202055112805
202055112806
202055112807
202055112808
202055112809
202055112810
202055112811
202055112901
202055112902
202055112903
202055112904
202055112905
202055112906
202055112907
202055112908
202055112909
202055112910
202055112911
202065110101
202065110102
202065110103
202065110104
202065110105
202065110106
202065110107
202065110108
202065110109
202065110110
202065110111
202065110112
202065110701
202065110702
202065110703
202065110704
202065110705
202065110706
202065110707
202065110708
202065110709
202065110710
202065110711
202065110801
202065110802
202065110803
202065110804
202065110805
202065110806
202065110807
202065110808
202065110809
202065110810
202065110811
202065110812
202065111401
202065111402
202065111403
202065111404
202065111405
202065111406
202065111407
202065111408
202065111409
202065111410
202065111411
202065111501
202065111502
202065111503
202065111504
202065111505
202065111506
202065111507
202065111508
202065111509
202065111510
202065111511
202065111512
202065112101
202065112102
202065112103
202065112104
202065112105
202065112106
202065112107
202065112108
202065112109
202065112110
202065112111
202065112201
202065112202
202065112203
202065112204
202065112205
202065112206
202065112207
202065112208
202065112209
202065112210
202065112211
202065112212
202065112301
202065112302
202065112303
202065112304
202065112305
202065112306
202065112307
202065112308
202065112309
202065112310
202065112311
202065112312
202065112801
202065112802
202065112803
202065112804
202065112805
202065112806
202065112807
202065112808
202065112809
202065112810
202065112811
202065112901
202065112902
202065112903
202065112904
202065112905
202065112906
202065112907
202065112908
202065112909
202065112910
202065112911
202065112912