202003030101
202003030102
202003030103
202003030104
202003030105
202003030106
202003030107
202003030108
202003030109
202003030110
202003030111
202003030112
202004040101
202004040102
202004040103
202004040104
202004040105
202004040106
202004040107
202004040108
202004040109
202004040110
202004040111
202004040112
202004040201
202004040202
202004040203
202004040204
202004040205
202004040206
202004040207
202004040208
202004040209
202004040210
202004040211
202004040212
202004040301
202004040302
202004040303
202004040304
202004040305
202004040306
202004040307
202004040308
202004040309
202004040310
202004040311
202004040312
202004040401
202004040402
202004040403
202004040404
202004040405
202004040406
202004040407
202004040408
202004040409
202004040410
202004040411
202004040412
202004040501
202004040502
202004040503
202004040504
202004040505
202004040506
202004040507
202004040508
202004040509
202004040510
202004040511
202004040512
202004040601
202004040602
202004040603
202004040604
202004040605
202004040606
202004040607
202004040608
202004040609
202004040610
202004040611
202004040612
202005040101
202005040102
202005040103
202005040104
202005040105
202005040106
202005040107
202005040108
202005040109
202005040110
202005040111
202005040112
202005040201
202005040202
202005040203
202005040204
202005040205
202005040206
202005040207
202005040208
202005040209
202005040210
202005040211
202005040212
202005040301
202005040302
202005040303
202005040304
202005040305
202005040306
202005040307
202005040308
202005040309
202005040310
202005040311
202005040312
202005040401
202005040402
202005040403
202005040404
202005040405
202005040406
202005040407
202005040408
202005040409
202005040410
202005040411
202005040412
202005040501
202005040502
202005040503
202005040504
202005040505
202005040506
202005040507
202005040508
202005040509
202005040510
202005040511
202005040512
202005040601
202005040602
202005040603
202005040604
202005040605
202005040606
202005040607
202005040608
202005040609
202005040610
202005040611
202005040612
202005040701
202005040702
202005040703
202005040704
202005040705
202005040706
202005040707
202005040708
202005040709
202005040710
202005040711
202005040712
202006040801
202006040802
202006040803
202006040804
202006040805
202006040806
202006040807
202006040808
202006040809
202006040810
202006040811
202006040812
202006040901
202006040902
202006040903
202006040904
202006040905
202006040906
202006040907
202006040908
202006040909
202006040910
202006040911
202006040912
202007020801
202007020802
202007020803
202007020804
202007020805
202007020806
202007020807
202007020808
202007020809
202007020810
202007020811
202007020812
202007020901
202007020902
202007020903
202007020904
202007020905
202007020906
202007020907
202007020908
202007020909
202007020910
202007020911
202007020912
202008040101
202008040102
202008040103
202008040104
202008040105
202008040106
202008040107
202008040108
202008040109
202008040110
202008040111
202008040112
202008040201
202008040202
202008040203
202008040204
202008040205
202008040206
202008040207
202008040208
202008040209
202008040210
202008040211
202008040212
202008040301
202008040302
202008040303
202008040304
202008040305
202008040306
202008040307
202008040308
202008040309
202008040310
202008040311
202008040312
202008040401
202008040402
202008040403
202008040404
202008040405
202008040406
202008040407
202008040408
202008040409
202008040410
202008040411
202008040412
202008040501
202008040502
202008040503
202008040504
202008040505
202008040506
202008040507
202008040508
202008040509
202008040510
202008040511
202008040512
202008040601
202008040602
202008040603
202008040604
202008040605
202008040606
202008040607
202008040608
202008040609
202008040610
202008040611
202008040612
202008040701
202008040702
202008040703
202008040704
202008040705
202008040706
202008040707
202008040708
202008040709
202008040710
202008040711
202008040712
202035100301
202035100302
202035100303
202035100304
202035100305
202035100306
202035100307
202035100308
202035100309
202035100310
202035100311
202035100401
202035100402
202035100403
202035100404
202035100405
202035100406
202035100407
202035100408
202035100409
202035100410
202035100411
202035101001
202035101002
202035101003
202035101004
202035101005
202035101006
202035101007
202035101008
202035101009
202035101010
202035101011
202035101101
202035101102
202035101103
202035101104
202035101105
202035101106
202035101107
202035101108
202035101109
202035101110
202035101111
202035101701
202035101702
202035101703
202035101704
202035101705
202035101706
202035101707
202035101708
202035101709
202035101710
202035101801
202035101802
202035101803
202035101804
202035101805
202035101806
202035101807
202035101808
202035101809
202035101810
202035101811
202035102401
202035102402
202035102403
202035102404
202035102405
202035102406
202035102407
202035102408
202035102409
202035102410
202035102411
202035102501
202035102502
202035102503
202035102504
202035102505
202035102506
202035102507
202035102508
202035102509
202035102510
202035102511
202035103101
202035103102
202035103103
202035103104
202035103105
202035103106
202035103107
202035103108
202035103109
202035103110
202035103111
202045101101
202045101102
202045101103
202045101104
202045101105
202045101106
202045101107
202045101108
202046100401
202046100402
202046100403
202046100404
202046100405
202046100406
202046100407
202046100408
202046100409
202046100410
202046100411
202046101101
202046101102
202046101103
202046101104
202046101105
202046101106
202046101107
202046101108
202046101109
202046101110
202046101111
202046101801
202046101802
202046101803
202046101804
202046101805
202046101806
202046101807
202046101808
202046101809
202046101810
202046101811
202046102501
202046102502
202046102503
202046102504
202046102505
202046102506
202046102507
202046102508
202046102509
202046102510
202046102511
202054100301
202054100302
202054100303
202054100304
202054100305
202054100306
202054100307
202054100308
202054100309
202054100310
202054100311
202054100312
202054100401
202054100402
202054100403
202054100404
202054100405
202054100406
202054100407
202054100408
202054100409
202054100410
202054100411
202054100412
202054101001
202054101002
202054101003
202054101004
202054101005
202054101006
202054101007
202054101008
202054101009
202054101010
202054101011
202054101012
202054101101
202054101102
202054101103
202054101104
202054101105
202054101106
202054101107
202054101108
202054101109
202054101110
202054101111
202054101112
202054101701
202054101702
202054101703
202054101704
202054101705
202054101706
202054101707
202054101708
202054101709
202054101710
202054101711
202054101712
202054101801
202054101802
202054101803
202054101804
202054101805
202054101806
202054101807
202054101808
202054101809
202054101810
202054101811
202054101812
202054102401
202054102402
202054102403
202054102404
202054102405
202054102406
202054102407
202054102408
202054102409
202054102410
202054102411
202054102412
202054102501
202054102502
202054102503
202054102504
202054102505
202054102506
202054102507
202054102508
202054102509
202054102510
202054102511
202054102512
202054103101
202054103102
202054103103
202054103104
202054103105
202054103106
202054103107
202054103108
202054103109
202054103110
202054103111
202054103112
202055100301
202055100302
202055100303
202055100304
202055100305
202055100306
202055100307
202055100308
202055100309
202055100310
202055100311
202055100312
202055100401
202055100402
202055100403
202055100404
202055100405
202055100406
202055100407
202055100408
202055100409
202055100410
202055100411
202055100412
202055101001
202055101002
202055101003
202055101004
202055101005
202055101006
202055101007
202055101008
202055101009
202055101010
202055101011
202055101012
202055101101
202055101102
202055101103
202055101104
202055101105
202055101106
202055101107
202055101108
202055101109
202055101110
202055101111
202055101112
202055101701
202055101702
202055101703
202055101704
202055101705
202055101706
202055101707
202055101708
202055101709
202055101710
202055101711
202055101801
202055101802
202055101803
202055101804
202055101805
202055101806
202055101807
202055101808
202055101809
202055101810
202055101811
202055102401
202055102402
202055102403
202055102404
202055102405
202055102406
202055102407
202055102408
202055102409
202055102410
202055102411
202055102501
202055102502
202055102503
202055102504
202055102505
202055102506
202055102507
202055102508
202055102509
202055102510
202055102511
202055103101
202055103102
202055103103
202055103104
202055103105
202055103106
202055103107
202055103108
202055103109
202055103110
202055103111
202065100301
202065100302
202065100303
202065100304
202065100305
202065100306
202065100307
202065100308
202065100309
202065100310
202065100311
202065100401
202065100402
202065100403
202065100404
202065100405
202065100406
202065100407
202065100408
202065100409
202065100410
202065100411
202065100412
202065101001
202065101002
202065101003
202065101004
202065101005
202065101006
202065101007
202065101008
202065101009
202065101010
202065101011
202065101101
202065101102
202065101103
202065101104
202065101105
202065101106
202065101107
202065101108
202065101109
202065101110
202065101111
202065101112
202065101701
202065101702
202065101703
202065101704
202065101705
202065101706
202065101707
202065101708
202065101709
202065101710
202065101711
202065101801
202065101802
202065101803
202065101804
202065101805
202065101806
202065101807
202065101808
202065101809
202065101810
202065101811
202065101812
202065102401
202065102402
202065102403
202065102404
202065102405
202065102406
202065102407
202065102408
202065102409
202065102410
202065102411
202065102501
202065102502
202065102503
202065102504
202065102505
202065102506
202065102507
202065102508
202065102509
202065102510
202065102511
202065102512
202065103101
202065103102
202065103103
202065103104
202065103105
202065103106
202065103107
202065103108
202065103109
202065103110
202065103111