202005010101
202005010102
202005010103
202005010104
202005010105
202005010106
202005010107
202005010108
202005010109
202005010110
202005010111
202005010112
202005010201
202005010202
202005010203
202005010204
202005010205
202005010206
202005010207
202005010208
202005010209
202005010210
202005010211
202005010212
202005010301
202005010302
202005010303
202005010304
202005010305
202005010306
202005010307
202005010308
202005010309
202005010310
202005010311
202005010312
202005010401
202005010402
202005010403
202005010404
202005010405
202005010406
202005010407
202005010408
202005010409
202005010410
202005010411
202005010412
202005010501
202005010502
202005010503
202005010504
202005010505
202005010506
202005010507
202005010508
202005010509
202005010510
202005010511
202005010512
202005010601
202005010602
202005010603
202005010604
202005010605
202005010606
202005010607
202005010608
202005010609
202005010610
202005010611
202005010612
202005010701
202005010702
202005010703
202005010704
202005010705
202005010706
202005010707
202005010708
202005010709
202005010710
202005010711
202005010712
202005010801
202005010802
202005010803
202005010804
202005010805
202005010806
202005010807
202005010808
202005010809
202005010810
202005010811
202005010812
202006020101
202006020102
202006020103
202006020104
202006020105
202006020106
202006020107
202006020108
202006020109
202006020110
202006020111
202006020112
202007010101
202007010102
202007010103
202007010104
202007010105
202007010106
202007010107
202007010108
202007010109
202007010110
202007010111
202007010112
202008020101
202008020102
202008020103
202008020104
202008020105
202008020106
202008020107
202008020108
202008020109
202008020110
202008020111
202008020112
202008020201
202008020202
202008020203
202008020204
202008020205
202008020206
202008020207
202008020208
202008020209
202008020210
202008020211
202008020212
202008020301
202008020302
202008020303
202008020304
202008020305
202008020306
202008020307
202008020308
202008020309
202008020310
202008020311
202008020312
202008020401
202008020402
202008020403
202008020404
202008020405
202008020406
202008020407
202008020408
202008020409
202008020410
202008020411
202008020412
202008020501
202008020502
202008020503
202008020504
202008020505
202008020506
202008020507
202008020508
202008020509
202008020510
202008020511
202008020512
202008020601
202008020602
202008020603
202008020604
202008020605
202008020606
202008020607
202008020608
202008020609
202008020610
202008020611
202008020612
202008020701
202008020702
202008020703
202008020704
202008020705
202008020706
202008020707
202008020708
202008020709
202008020710
202008020711
202008020712
202008020801
202008020802
202008020803
202008020804
202008020805
202008020806
202008020807
202008020808
202008020809
202008020810
202008020811
202008020812
202009010101
202009010102
202009010103
202009010104
202009010105
202009010106
202009010107
202009010108
202009010109
202009010110
202009010111
202009010112
202010010501
202010010502
202010010503
202010010504
202010010505
202010010506
202010010507
202010010508
202010010509
202010010510
202010010511
202010010512
202010010601
202010010602
202010010603
202010010604
202010010605
202010010606
202010010607
202010010608
202010010609
202010010610
202010010611
202010010612
202010010701
202010010702
202010010703
202010010704
202010010705
202010010706
202010010707
202010010708
202010010709
202010010710
202010010711
202010010712
202010010801
202010010802
202010010803
202010010804
202010010805
202010010806
202010010807
202010010808
202010010809
202010010810
202010010811
202010010812
202010010901
202010010902
202010010903
202010010904
202010010905
202010010906
202010010907
202010010908
202010010909
202010010910
202010010911
202010010912
202010011001
202010011002
202010011003
202010011004
202010011005
202010011006
202010011007
202010011008
202010011009
202010011010
202010011011
202010011012
202010011101
202010011102
202010011103
202010011104
202010011105
202010011106
202010011107
202010011108
202010011109
202010011110
202010011111
202010011112
202010011201
202010011202
202010011203
202010011204
202010011205
202010011206
202010011207
202010011208
202010011209
202010011210
202010011211
202010011212
202054020201
202054020202
202054020203
202054020204
202054020205
202054020206
202054020207
202054020208
202054020209
202054020210
202054020211
202054020901
202054020902
202054020903
202054020904
202054020905
202054020906
202054020907
202054020908
202054020909
202054020910
202054020911
202054021601
202054021602
202054021603
202054021604
202054021605
202054021606
202054021607
202054021608
202054021609
202054021610
202054021611
202054022301
202054022302
202054022303
202054022304
202054022305
202054022306
202054022307
202054022308
202054022309
202054022310
202054022311
202055020101
202055020102
202055020103
202055020104
202055020105
202055020106
202055020107
202055020108
202055020109
202055020110
202055020111
202055020201
202055020202
202055020203
202055020204
202055020205
202055020206
202055020207
202055020208
202055020209
202055020210
202055020211
202055020801
202055020802
202055020803
202055020804
202055020805
202055020806
202055020807
202055020808
202055020809
202055020810
202055020811
202055020812
202055020901
202055020902
202055020903
202055020904
202055020905
202055020906
202055020907
202055020908
202055020909
202055020910
202055020911
202055020912
202055021501
202055021502
202055021503
202055021504
202055021505
202055021506
202055021507
202055021508
202055021509
202055021510
202055021511
202055021512
202055021601
202055021602
202055021603
202055021604
202055021605
202055021606
202055021607
202055021608
202055021609
202055021610
202055021611
202055021612
202055022201
202055022202
202055022203
202055022204
202055022205
202055022206
202055022207
202055022208
202055022209
202055022210
202055022211
202055022301
202055022302
202055022303
202055022304
202055022305
202055022306
202055022307
202055022308
202055022309
202055022310
202055022311
202055022312
202055022901
202055022902
202055022903
202055022904
202055022905
202055022906
202055022907
202055022908
202055022909
202055022910
202055022911
202055022912
202065020101
202065020102
202065020103
202065020104
202065020105
202065020106
202065020107
202065020108
202065020109
202065020110
202065020111
202065020201
202065020202
202065020203
202065020204
202065020205
202065020206
202065020207
202065020208
202065020209
202065020210
202065020211
202065020801
202065020802
202065020803
202065020804
202065020805
202065020806
202065020807
202065020808
202065020809
202065020810
202065020811
202065020901
202065020902
202065020903
202065020904
202065020905
202065020906
202065020907
202065020908
202065020909
202065020910
202065020911
202065021501
202065021502
202065021503
202065021504
202065021505
202065021506
202065021507
202065021508
202065021509
202065021510
202065021511
202065021601
202065021602
202065021603
202065021604
202065021605
202065021606
202065021607
202065021608
202065021609
202065021610
202065021611
202065022201
202065022202
202065022203
202065022204
202065022205
202065022206
202065022207
202065022208
202065022209
202065022210
202065022211
202065022301
202065022302
202065022303
202065022304
202065022305
202065022306
202065022307
202065022308
202065022309
202065022310
202065022311
202065022901
202065022902
202065022903
202065022904
202065022905
202065022906
202065022907
202065022908
202065022909
202065022910
202065022911