202104010701
202104010702
202104010703
202104010704
202104010705
202104010706
202104010707
202104010708
202104010709
202104010710
202104010711
202104010712
202104010801
202104010802
202104010803
202104010804
202104010805
202104010806
202104010807
202104010808
202104010809
202104010810
202104010811
202104010812
202104020101
202104020102
202104020103
202104020104
202104020105
202104020106
202104020107
202104020108
202104020109
202104020110
202104020111
202104020112
202104020201
202104020202
202104020203
202104020204
202104020205
202104020206
202104020207
202104020208
202104020209
202104020210
202104020211
202104020212
202104020301
202104020302
202104020303
202104020304
202104020305
202104020306
202104020307
202104020308
202104020309
202104020310
202104020311
202104020312
202104020401
202104020402
202104020403
202104020404
202104020405
202104020406
202104020407
202104020408
202104020409
202104020410
202104020411
202104020412
202104020501
202104020502
202104020503
202104020504
202104020505
202104020506
202104020507
202104020508
202104020509
202104020510
202104020511
202104020512
202104020601
202104020602
202104020603
202104020604
202104020605
202104020606
202104020607
202104020608
202104020609
202104020610
202104020611
202104020612
202105020301
202105020302
202105020303
202105020304
202105020305
202105020306
202105020307
202105020308
202105020309
202105020310
202105020311
202105020312
202105020401
202105020402
202105020403
202105020404
202105020405
202105020406
202105020407
202105020408
202105020409
202105020410
202105020411
202105020412
202105020501
202105020502
202105020503
202105020504
202105020505
202105020506
202105020507
202105020508
202105020509
202105020510
202105020511
202105020512
202105020601
202105020602
202105020603
202105020604
202105020605
202105020606
202105020607
202105020608
202105020609
202105020610
202105020611
202105020612
202105020701
202105020702
202105020703
202105020704
202105020705
202105020706
202105020707
202105020708
202105020709
202105020710
202105020711
202105020712
202105020801
202105020802
202105020803
202105020804
202105020805
202105020806
202105020807
202105020808
202105020809
202105020810
202105020811
202105020812
202105020901
202105020902
202105020903
202105020904
202105020905
202105020906
202105020907
202105020908
202105020909
202105020910
202105020911
202105020912
202105021001
202105021002
202105021003
202105021004
202105021005
202105021006
202105021007
202105021008
202105021009
202105021010
202105021011
202105021012
202105021101
202105021102
202105021103
202105021104
202105021105
202105021106
202105021107
202105021108
202105021109
202105021110
202105021111
202105021112
202105021201
202105021202
202105021203
202105021204
202105021205
202105021206
202105021207
202105021208
202105021209
202105021210
202105021211
202105021212
202107030101
202107030102
202107030103
202107030104
202107030105
202107030106
202107030107
202107030108
202107030109
202107030110
202107030111
202107030112
202107030201
202107030202
202107030203
202107030204
202107030205
202107030206
202107030207
202107030208
202107030209
202107030210
202107030211
202107030212
202107030301
202107030302
202107030303
202107030304
202107030305
202107030306
202107030307
202107030308
202107030309
202107030310
202107030311
202107030312
202107030401
202107030402
202107030403
202107030404
202107030405
202107030406
202107030407
202107030408
202107030409
202107030410
202107030411
202107030412
202107030501
202107030502
202107030503
202107030504
202107030505
202107030506
202107030507
202107030508
202107030509
202107030510
202107030511
202107030512
202107030601
202107030602
202107030603
202107030604
202107030605
202107030606
202107030607
202107030608
202107030609
202107030610
202107030611
202107030612
202107030701
202107030702
202107030703
202107030704
202107030705
202107030706
202107030707
202107030708
202107030709
202107030710
202107030711
202107030712
202107030801
202107030802
202107030803
202107030804
202107030805
202107030806
202107030807
202107030808
202107030809
202107030810
202107030811
202107030812
202109021101
202109021102
202109021103
202109021104
202109021105
202109021106
202109021107
202109021108
202109021109
202109021110
202109021111
202109021112
202109021201
202109021202
202109021203
202109021204
202109021205
202109021206
202109021207
202109021208
202109021209
202109021210
202109021211
202109021212
202136050201
202136050202
202136050203
202136050204
202136050205
202136050206
202136050207
202136050208
202136050209
202136050210
202136050211
202136050901
202136050902
202136050903
202136050904
202136050905
202136050906
202136050907
202136050908
202136050909
202136050910
202136050911
202136051601
202136051602
202136051603
202136051604
202136051605
202136051606
202136051607
202136051608
202136051609
202136051610
202136051611
202136052301
202136052302
202136052303
202136052304
202136052305
202136052306
202136052307
202136052308
202136052309
202136052310
202136052311
202136053001
202136053002
202136053003
202136053004
202136053005
202136053006
202136053007
202136053008
202136053009
202136053010
202136053011
202144050101
202144050102
202144050103
202144050104
202144050105
202144050106
202144050107
202144050108
202146050201
202146050202
202146050203
202146050204
202146050205
202146050206
202146050207
202146050208
202146050209
202146050210
202146050211
202146051601
202146051602
202146051603
202146051604
202146051605
202146051606
202146051607
202146051608
202146051609
202146051610
202146051611
202146052301
202146052302
202146052303
202146052304
202146052305
202146052306
202146052307
202146052308
202146052309
202146052310
202146052311
202146053001
202146053002
202146053003
202146053004
202146053005
202146053006
202146053007
202146053008
202146053009
202146053010
202146053011
202154050201
202154050202
202154050203
202154050204
202154050205
202154050206
202154050207
202154050208
202154050209
202154050210
202154050211
202154050212
202154050801
202154050802
202154050803
202154050804
202154050805
202154050806
202154050807
202154050808
202154050809
202154050810
202154050811
202154050812
202154050901
202154050902
202154050903
202154050904
202154050905
202154050906
202154050907
202154050908
202154050909
202154050910
202154050911
202154050912
202154051501
202154051502
202154051503
202154051504
202154051505
202154051506
202154051507
202154051508
202154051509
202154051510
202154051511
202154051512
202154051601
202154051602
202154051603
202154051604
202154051605
202154051606
202154051607
202154051608
202154051609
202154051610
202154051611
202154052201
202154052202
202154052203
202154052204
202154052205
202154052206
202154052207
202154052208
202154052209
202154052210
202154052211
202154052212
202154052301
202154052302
202154052303
202154052304
202154052305
202154052306
202154052307
202154052308
202154052309
202154052310
202154052311
202154052312
202154052901
202154052902
202154052903
202154052904
202154052905
202154052906
202154052907
202154052908
202154052909
202154052910
202154052911
202154052912
202154053001
202154053002
202154053003
202154053004
202154053005
202154053006
202154053007
202154053008
202154053009
202154053010
202154053011
202155050801
202155050802
202155050803
202155050804
202155050805
202155050806
202155050807
202155050808
202155050809
202155050810
202155050811
202155050812
202155050901
202155050902
202155050903
202155050904
202155050905
202155050906
202155050907
202155050908
202155050909
202155050910
202155050911
202155050912
202155051501
202155051502
202155051503
202155051504
202155051505
202155051506
202155051507
202155051508
202155051509
202155051510
202155051511
202155051512
202155052201
202155052202
202155052203
202155052204
202155052205
202155052206
202155052207
202155052208
202155052209
202155052210
202155052211
202155052212
202155052301
202155052302
202155052303
202155052304
202155052305
202155052306
202155052307
202155052308
202155052309
202155052310
202155052311
202155052312
202155052901
202155052902
202155052903
202155052904
202155052905
202155052906
202155052907
202155052908
202155052909
202155052910
202155052911
202155053001
202155053002
202155053003
202155053004
202155053005
202155053006
202155053007
202155053008
202155053009
202155053010
202155053011
202165050101
202165050102
202165050103
202165050104
202165050105
202165050106
202165050107
202165050108
202165050109
202165050110
202165050111
202165050201
202165050202
202165050203
202165050204
202165050205
202165050206
202165050207
202165050208
202165050209
202165050210
202165050211
202165050801
202165050802
202165050803
202165050804
202165050805
202165050806
202165050807
202165050808
202165050809
202165050810
202165050811
202165050901
202165050902
202165050903
202165050904
202165050905
202165050906
202165050907
202165050908
202165050909
202165050910
202165050911
202165051501
202165051502
202165051503
202165051504
202165051505
202165051506
202165051507
202165051508
202165051509
202165051510
202165051511
202165051601
202165051602
202165051603
202165051604
202165051605
202165051606
202165051607
202165051608
202165051609
202165051610
202165051611
202165052201
202165052202
202165052203
202165052204
202165052205
202165052206
202165052207
202165052208
202165052209
202165052210
202165052211
202165052301
202165052302
202165052303
202165052304
202165052305
202165052306
202165052307
202165052308
202165052309
202165052310
202165052311
202165052901
202165052902
202165052903
202165052904
202165052905
202165052906
202165052907
202165052908
202165052909
202165052910
202165052911
202165053001
202165053002
202165053003
202165053004
202165053005
202165053006
202165053007
202165053008
202165053009
202165053010
202165053011