202104050101
202104050102
202104050103
202104050104
202104050105
202104050106
202104050107
202104050108
202104050109
202104050110
202104050111
202104050112
202104050201
202104050202
202104050203
202104050204
202104050205
202104050206
202104050207
202104050208
202104050209
202104050210
202104050211
202104050212
202104050301
202104050302
202104050303
202104050304
202104050305
202104050306
202104050307
202104050308
202104050309
202104050310
202104050311
202104050312
202104050401
202104050402
202104050403
202104050404
202104050405
202104050406
202104050407
202104050408
202104050409
202104050410
202104050411
202104050412
202104050501
202104050502
202104050503
202104050504
202104050505
202104050506
202104050507
202104050508
202104050509
202104050510
202104050511
202104050512
202104050601
202104050602
202104050603
202104050604
202104050605
202104050606
202104050607
202104050608
202104050609
202104050610
202104050611
202104050612
202104050701
202104050702
202104050703
202104050704
202104050705
202104050706
202104050707
202104050708
202104050709
202104050710
202104050711
202104050712
202104050801
202104050802
202104050803
202104050804
202104050805
202104050806
202104050807
202104050808
202104050809
202104050810
202104050811
202104050812
202105040101
202105040102
202105040103
202105040104
202105040105
202105040106
202105040107
202105040108
202105040109
202105040110
202105040111
202105040112
202105040201
202105040202
202105040203
202105040204
202105040205
202105040206
202105040207
202105040208
202105040209
202105040210
202105040211
202105040212
202105040301
202105040302
202105040303
202105040304
202105040305
202105040306
202105040307
202105040308
202105040309
202105040310
202105040311
202105040312
202105040401
202105040402
202105040403
202105040404
202105040405
202105040406
202105040407
202105040408
202105040409
202105040410
202105040411
202105040412
202105040501
202105040502
202105040503
202105040504
202105040505
202105040506
202105040507
202105040508
202105040509
202105040510
202105040511
202105040512
202105040601
202105040602
202105040603
202105040604
202105040605
202105040606
202105040607
202105040608
202105040609
202105040610
202105040611
202105040612
202105040701
202105040702
202105040703
202105040704
202105040705
202105040706
202105040707
202105040708
202105040709
202105040710
202105040711
202105040712
202105040801
202105040802
202105040803
202105040804
202105040805
202105040806
202105040807
202105040808
202105040809
202105040810
202105040811
202105040812
202106040801
202106040802
202106040803
202106040804
202106040805
202106040806
202106040807
202106040808
202106040809
202106040810
202106040811
202106040812
202106040901
202106040902
202106040903
202106040904
202106040905
202106040906
202106040907
202106040908
202106040909
202106040910
202106040911
202106040912
202107050801
202107050802
202107050803
202107050804
202107050805
202107050806
202107050807
202107050808
202107050809
202107050810
202107050811
202107050812
202107050901
202107050902
202107050903
202107050904
202107050905
202107050906
202107050907
202107050908
202107050909
202107050910
202107050911
202107050912
202109040101
202109040102
202109040103
202109040104
202109040105
202109040106
202109040107
202109040108
202109040109
202109040110
202109040111
202109040112
202109040201
202109040202
202109040203
202109040204
202109040205
202109040206
202109040207
202109040208
202109040209
202109040210
202109040211
202109040212
202109040301
202109040302
202109040303
202109040304
202109040305
202109040306
202109040307
202109040308
202109040309
202109040310
202109040311
202109040312
202109040401
202109040402
202109040403
202109040404
202109040405
202109040406
202109040407
202109040408
202109040409
202109040410
202109040411
202109040412
202109040501
202109040502
202109040503
202109040504
202109040505
202109040506
202109040507
202109040508
202109040509
202109040510
202109040511
202109040512
202109040601
202109040602
202109040603
202109040604
202109040605
202109040606
202109040607
202109040608
202109040609
202109040610
202109040611
202109040612
202109040701
202109040702
202109040703
202109040704
202109040705
202109040706
202109040707
202109040708
202109040709
202109040710
202109040711
202109040712
202109040801
202109040802
202109040803
202109040804
202109040805
202109040806
202109040807
202109040808
202109040809
202109040810
202109040811
202109040812
202135100301
202135100302
202135100303
202135100304
202135100305
202135100306
202135100307
202135100308
202135100309
202135100310
202135100311
202135101001
202135101002
202135101003
202135101004
202135101005
202135101006
202135101007
202135101008
202135101009
202135101010
202135101011
202135101701
202135101702
202135101703
202135101704
202135101705
202135101706
202135101707
202135101708
202135101709
202135101710
202135101711
202135102401
202135102402
202135102403
202135102404
202135102405
202135102406
202135102407
202135102408
202135102409
202135102410
202135102411
202135102412
202135103101
202135103102
202135103103
202135103104
202135103105
202135103106
202135103107
202135103108
202135103109
202135103110
202135103111
202144103101
202144103102
202144103103
202144103104
202144103105
202144103106
202144103107
202144103108
202144103109
202144103110
202146101701
202146101702
202146101703
202146101704
202146101705
202146101706
202146101707
202146101708
202146101709
202146101710
202146101711
202146102401
202146102402
202146102403
202146102404
202146102405
202146102406
202146102407
202146102408
202146102409
202146102410
202146103101
202146103102
202146103103
202146103104
202146103105
202146103106
202146103107
202146103108
202146103109
202146103110
202154100201
202154100202
202154100203
202154100204
202154100205
202154100206
202154100207
202154100208
202154100209
202154100210
202154100211
202154100212
202154100301
202154100302
202154100303
202154100304
202154100305
202154100306
202154100307
202154100308
202154100309
202154100310
202154100311
202154100312
202154100901
202154100902
202154100903
202154100904
202154100905
202154100906
202154100907
202154100908
202154100909
202154100910
202154100911
202154100912
202154101001
202154101002
202154101003
202154101004
202154101005
202154101006
202154101007
202154101008
202154101009
202154101010
202154101011
202154101012
202154101601
202154101602
202154101603
202154101604
202154101605
202154101606
202154101607
202154101608
202154101609
202154101610
202154101611
202154101612
202154101701
202154101702
202154101703
202154101704
202154101705
202154101706
202154101707
202154101708
202154101709
202154101710
202154101711
202154101712
202154102301
202154102302
202154102303
202154102304
202154102305
202154102306
202154102307
202154102308
202154102309
202154102310
202154102311
202154102312
202154102401
202154102402
202154102403
202154102404
202154102405
202154102406
202154102407
202154102408
202154102409
202154102410
202154102411
202154103001
202154103002
202154103003
202154103004
202154103005
202154103006
202154103007
202154103008
202154103009
202154103010
202154103011
202154103012
202154103101
202154103102
202154103103
202154103104
202154103105
202154103106
202154103107
202154103108
202154103109
202154103110
202154103111
202154103112
202155100201
202155100202
202155100203
202155100204
202155100205
202155100206
202155100207
202155100208
202155100209
202155100210
202155100211
202155100301
202155100302
202155100303
202155100304
202155100305
202155100306
202155100307
202155100308
202155100309
202155100310
202155100311
202155100901
202155100902
202155100903
202155100904
202155100905
202155100906
202155100907
202155100908
202155100909
202155100910
202155100911
202155101001
202155101002
202155101003
202155101004
202155101005
202155101006
202155101007
202155101008
202155101009
202155101010
202155101011
202155101601
202155101602
202155101603
202155101604
202155101605
202155101606
202155101607
202155101608
202155101609
202155101610
202155101611
202155101701
202155101702
202155101703
202155101704
202155101705
202155101706
202155101707
202155101708
202155101709
202155101710
202155101711
202155102301
202155102302
202155102303
202155102304
202155102305
202155102306
202155102307
202155102308
202155102309
202155102310
202155102311
202155102401
202155102402
202155102403
202155102404
202155102405
202155102406
202155102407
202155102408
202155102409
202155102410
202155102411
202155103001
202155103002
202155103003
202155103004
202155103005
202155103006
202155103007
202155103008
202155103009
202155103010
202155103011
202155103101
202155103102
202155103103
202155103104
202155103105
202155103106
202155103107
202155103108
202155103109
202155103110
202165100201
202165100202
202165100203
202165100204
202165100205
202165100206
202165100207
202165100208
202165100209
202165100210
202165100211
202165100301
202165100302
202165100303
202165100304
202165100305
202165100306
202165100307
202165100308
202165100309
202165100310
202165100311
202165100312
202165100901
202165100902
202165100903
202165100904
202165100905
202165100906
202165100907
202165100908
202165100909
202165100910
202165100911
202165101001
202165101002
202165101003
202165101004
202165101005
202165101006
202165101007
202165101008
202165101009
202165101010
202165101011
202165101012
202165101601
202165101602
202165101603
202165101604
202165101605
202165101606
202165101607
202165101608
202165101609
202165101610
202165101611
202165101612
202165101701
202165101702
202165101703
202165101704
202165101705
202165101706
202165101707
202165101708
202165101709
202165101710
202165101711
202165101712
202165102301
202165102302
202165102303
202165102304
202165102305
202165102306
202165102307
202165102308
202165102309
202165102310
202165102311
202165102312
202165102401
202165102402
202165102403
202165102404
202165102405
202165102406
202165102407
202165102408
202165102409
202165102410
202165102411
202165102412
202165103001
202165103002
202165103003
202165103004
202165103005
202165103006
202165103007
202165103008
202165103009
202165103010
202165103011
202165103012
202165103101
202165103102
202165103103
202165103104
202165103105
202165103106
202165103107
202165103108
202165103109
202165103110
202165103111
202165103112