202103020101
202103020102
202103020103
202103020104
202103020105
202103020106
202103020107
202103020108
202103020109
202103020110
202103020111
202103020112
202103020201
202103020202
202103020203
202103020204
202103020205
202103020206
202103020207
202103020208
202103020209
202103020210
202103020211
202103020212
202103020301
202103020302
202103020303
202103020304
202103020305
202103020306
202103020307
202103020308
202103020309
202103020310
202103020311
202103020312
202103020401
202103020402
202103020403
202103020404
202103020405
202103020406
202103020407
202103020408
202103020409
202103020410
202103020411
202103020412
202103020501
202103020502
202103020503
202103020504
202103020505
202103020506
202103020507
202103020508
202103020509
202103020510
202103020511
202103020512
202103020601
202103020602
202103020603
202103020604
202103020605
202103020606
202103020607
202103020608
202103020609
202103020610
202103020611
202103020612
202105050101
202105050102
202105050103
202105050104
202105050105
202105050106
202105050107
202105050108
202105050109
202105050110
202105050111
202105050112
202105050201
202105050202
202105050203
202105050204
202105050205
202105050206
202105050207
202105050208
202105050209
202105050210
202105050211
202105050212
202105050301
202105050302
202105050303
202105050304
202105050305
202105050306
202105050307
202105050308
202105050309
202105050310
202105050311
202105050312
202105050401
202105050402
202105050403
202105050404
202105050405
202105050406
202105050407
202105050408
202105050409
202105050410
202105050411
202105050412
202105050501
202105050502
202105050503
202105050504
202105050505
202105050506
202105050507
202105050508
202105050509
202105050510
202105050511
202105050512
202105050601
202105050602
202105050603
202105050604
202105050605
202105050606
202105050607
202105050608
202105050609
202105050610
202105050611
202105050612
202105050701
202105050702
202105050703
202105050704
202105050705
202105050706
202105050707
202105050708
202105050709
202105050710
202105050711
202105050712
202105050801
202105050802
202105050803
202105050804
202105050805
202105050806
202105050807
202105050808
202105050809
202105050810
202105050811
202105050812
202109050101
202109050102
202109050103
202109050104
202109050105
202109050106
202109050107
202109050108
202109050109
202109050110
202109050111
202109050112
202109050201
202109050202
202109050203
202109050204
202109050205
202109050206
202109050207
202109050208
202109050209
202109050210
202109050211
202109050212
202109050301
202109050302
202109050303
202109050304
202109050305
202109050306
202109050307
202109050308
202109050309
202109050310
202109050311
202109050312
202109050401
202109050402
202109050403
202109050404
202109050405
202109050406
202109050407
202109050408
202109050409
202109050410
202109050411
202109050412
202109050501
202109050502
202109050503
202109050504
202109050505
202109050506
202109050507
202109050508
202109050509
202109050510
202109050511
202109050512
202109050601
202109050602
202109050603
202109050604
202109050605
202109050606
202109050607
202109050608
202109050609
202109050610
202109050611
202109050612
202109050701
202109050702
202109050703
202109050704
202109050705
202109050706
202109050707
202109050708
202109050709
202109050710
202109050711
202109050712
202109050801
202109050802
202109050803
202109050804
202109050805
202109050806
202109050807
202109050808
202109050809
202109050810
202109050811
202109050812
202135110701
202135110702
202135110703
202135110704
202135110705
202135110706
202135110707
202135110708
202135110709
202135110710
202135110711
202135111401
202135111402
202135111403
202135111404
202135111405
202135111406
202135111407
202135111408
202135111409
202135111410
202135111411
202135112101
202135112102
202135112103
202135112104
202135112105
202135112106
202135112107
202135112108
202135112109
202135112110
202135112111
202135112112
202136112801
202136112802
202136112803
202136112804
202136112805
202136112806
202136112807
202136112808
202136112809
202136112810
202136112811
202146111401
202146111402
202146111403
202146111404
202146111405
202146111406
202146111407
202146111408
202146111409
202146111410
202146112101
202146112102
202146112103
202146112104
202146112105
202146112106
202146112107
202146112108
202146112109
202146112801
202146112802
202146112803
202146112804
202146112805
202146112806
202146112807
202146112808
202146112809
202146112810
202154110601
202154110602
202154110603
202154110604
202154110605
202154110606
202154110607
202154110608
202154110609
202154110610
202154110611
202154110701
202154110702
202154110703
202154110704
202154110705
202154110706
202154110707
202154110708
202154110709
202154110710
202154110711
202154111301
202154111302
202154111303
202154111304
202154111305
202154111306
202154111307
202154111308
202154111309
202154111310
202154111311
202154111312
202154111401
202154111402
202154111403
202154111404
202154111405
202154111406
202154111407
202154111408
202154111409
202154111410
202154111411
202154111412
202154112001
202154112002
202154112003
202154112004
202154112005
202154112006
202154112007
202154112008
202154112009
202154112010
202154112011
202154112101
202154112102
202154112103
202154112104
202154112105
202154112106
202154112107
202154112108
202154112109
202154112110
202154112111
202154112701
202154112702
202154112703
202154112704
202154112705
202154112706
202154112707
202154112708
202154112709
202154112710
202154112711
202154112712
202154112801
202154112802
202154112803
202154112804
202154112805
202154112806
202154112807
202154112808
202154112809
202154112810
202154112811
202154112812
202155110601
202155110602
202155110603
202155110604
202155110605
202155110606
202155110607
202155110608
202155110609
202155110610
202155110611
202155110701
202155110702
202155110703
202155110704
202155110705
202155110706
202155110707
202155110708
202155110709
202155110710
202155110711
202155111301
202155111302
202155111303
202155111304
202155111305
202155111306
202155111307
202155111308
202155111309
202155111310
202155111311
202155111401
202155111402
202155111403
202155111404
202155111405
202155111406
202155111407
202155111408
202155111409
202155111410
202155111411
202155112001
202155112002
202155112003
202155112004
202155112005
202155112006
202155112007
202155112008
202155112009
202155112010
202155112011
202155112101
202155112102
202155112103
202155112104
202155112105
202155112106
202155112107
202155112108
202155112109
202155112110
202155112701
202155112702
202155112703
202155112704
202155112705
202155112706
202155112707
202155112708
202155112709
202155112710
202155112711
202155112801
202155112802
202155112803
202155112804
202155112805
202155112806
202155112807
202155112808
202155112809
202155112810
202165110601
202165110602
202165110603
202165110604
202165110605
202165110606
202165110607
202165110608
202165110609
202165110610
202165110611
202165110612
202165110701
202165110702
202165110703
202165110704
202165110705
202165110706
202165110707
202165110708
202165110709
202165110710
202165110711
202165110712
202165111301
202165111302
202165111303
202165111304
202165111305
202165111306
202165111307
202165111308
202165111309
202165111310
202165111311
202165111312
202165111401
202165111402
202165111403
202165111404
202165111405
202165111406
202165111407
202165111408
202165111409
202165111410
202165111411
202165111412
202165112001
202165112002
202165112003
202165112004
202165112005
202165112006
202165112007
202165112008
202165112009
202165112010
202165112011
202165112012
202165112101
202165112102
202165112103
202165112104
202165112105
202165112106
202165112107
202165112108
202165112109
202165112110
202165112111
202165112112
202165112701
202165112702
202165112703
202165112704
202165112705
202165112706
202165112707
202165112708
202165112709
202165112710
202165112711
202165112712
202165112801
202165112802
202165112803
202165112804
202165112805
202165112806
202165112807
202165112808
202165112809
202165112810
202165112811
202165112812