202101020701
202101020702
202101020703
202101020704
202101020705
202101020706
202101020707
202101020708
202101020709
202101020710
202101020711
202101020712
202101020801
202101020802
202101020803
202101020804
202101020805
202101020806
202101020807
202101020808
202101020809
202101020810
202101020811
202101020812
202104040701
202104040702
202104040703
202104040704
202104040705
202104040706
202104040707
202104040708
202104040709
202104040710
202104040711
202104040712
202104040801
202104040802
202104040803
202104040804
202104040805
202104040806
202104040807
202104040808
202104040809
202104040810
202104040811
202104040812
202106040101
202106040102
202106040103
202106040104
202106040105
202106040106
202106040107
202106040108
202106040109
202106040110
202106040111
202106040112
202106040201
202106040202
202106040203
202106040204
202106040205
202106040206
202106040207
202106040208
202106040209
202106040210
202106040211
202106040212
202106040301
202106040302
202106040303
202106040304
202106040305
202106040306
202106040307
202106040308
202106040309
202106040310
202106040311
202106040312
202106040401
202106040402
202106040403
202106040404
202106040405
202106040406
202106040407
202106040408
202106040409
202106040410
202106040411
202106040412
202106040501
202106040502
202106040503
202106040504
202106040505
202106040506
202106040507
202106040508
202106040509
202106040510
202106040511
202106040512
202106040601
202106040602
202106040603
202106040604
202106040605
202106040606
202106040607
202106040608
202106040609
202106040610
202106040611
202106040612
202106040701
202106040702
202106040703
202106040704
202106040705
202106040706
202106040707
202106040708
202106040709
202106040710
202106040711
202106040712
202107050101
202107050102
202107050103
202107050104
202107050105
202107050106
202107050107
202107050108
202107050109
202107050110
202107050111
202107050112
202107050201
202107050202
202107050203
202107050204
202107050205
202107050206
202107050207
202107050208
202107050209
202107050210
202107050211
202107050212
202107050301
202107050302
202107050303
202107050304
202107050305
202107050306
202107050307
202107050308
202107050309
202107050310
202107050311
202107050312
202107050401
202107050402
202107050403
202107050404
202107050405
202107050406
202107050407
202107050408
202107050409
202107050410
202107050411
202107050412
202107050501
202107050502
202107050503
202107050504
202107050505
202107050506
202107050507
202107050508
202107050509
202107050510
202107050511
202107050512
202107050601
202107050602
202107050603
202107050604
202107050605
202107050606
202107050607
202107050608
202107050609
202107050610
202107050611
202107050612
202107050701
202107050702
202107050703
202107050704
202107050705
202107050706
202107050707
202107050708
202107050709
202107050710
202107050711
202107050712
202110040701
202110040702
202110040703
202110040704
202110040705
202110040706
202110040707
202110040708
202110040709
202110040710
202110040711
202110040712
202110040801
202110040802
202110040803
202110040804
202110040805
202110040806
202110040807
202110040808
202110040809
202110040810
202110040811
202110040812
202135090501
202135090502
202135090503
202135090504
202135090505
202135090506
202135090507
202135090508
202135090509
202135090510
202135090511
202135091201
202135091202
202135091203
202135091204
202135091205
202135091206
202135091207
202135091208
202135091209
202135091210
202135091211
202135091901
202135091902
202135091903
202135091904
202135091905
202135091906
202135091907
202135091908
202135091909
202135091910
202135091911
202135092001
202135092002
202135092003
202135092004
202135092005
202135092006
202135092007
202135092008
202135092009
202135092010
202135092011
202135092601
202135092602
202135092603
202135092604
202135092605
202135092606
202135092607
202135092608
202135092609
202135092610
202135092611
202143090401
202143090402
202143090403
202143090404
202143090405
202143090406
202143090407
202143090408
202143090409
202143090410
202143090411
202143090412
202144091801
202144091802
202144091803
202144091804
202144091805
202144091806
202144091807
202144091808
202144091809
202144091810
202144091811
202144091812
202144091901
202144091902
202144091903
202144091904
202144091905
202144091906
202144091907
202144091908
202144091909
202144091910
202144091911
202144091912
202144092001
202144092002
202144092003
202144092004
202144092005
202144092006
202144092007
202144092008
202144092009
202144092010
202144092011
202144092012
202146090501
202146090502
202146090503
202146090504
202146090505
202146090506
202146090507
202146090508
202146090509
202146090510
202146090511
202146091201
202146091202
202146091203
202146091204
202146091205
202146091206
202146091207
202146091208
202146091209
202146091210
202154090401
202154090402
202154090403
202154090404
202154090405
202154090406
202154090407
202154090408
202154090409
202154090410
202154090411
202154090412
202154090501
202154090502
202154090503
202154090504
202154090505
202154090506
202154090507
202154090508
202154090509
202154090510
202154090511
202154090512
202154091101
202154091102
202154091103
202154091104
202154091105
202154091106
202154091107
202154091108
202154091109
202154091110
202154091111
202154091112
202154091201
202154091202
202154091203
202154091204
202154091205
202154091206
202154091207
202154091208
202154091209
202154091210
202154091211
202154091212
202154091901
202154091902
202154091903
202154091904
202154091905
202154091906
202154091907
202154091908
202154091909
202154091910
202154091911
202154091912
202154092001
202154092002
202154092003
202154092004
202154092005
202154092006
202154092007
202154092008
202154092009
202154092010
202154092011
202154092012
202155090401
202155090402
202155090403
202155090404
202155090405
202155090406
202155090407
202155090408
202155090409
202155090410
202155090411
202155090501
202155090502
202155090503
202155090504
202155090505
202155090506
202155090507
202155090508
202155090509
202155090510
202155091101
202155091102
202155091103
202155091104
202155091105
202155091106
202155091107
202155091108
202155091109
202155091110
202155091111
202155091201
202155091202
202155091203
202155091204
202155091205
202155091206
202155091207
202155091208
202155091209
202155091210
202155091211
202155091801
202155091802
202155091803
202155091804
202155091805
202155091806
202155091807
202155091808
202155091809
202155091810
202155091811
202155092501
202155092502
202155092503
202155092504
202155092505
202155092506
202155092507
202155092508
202155092509
202155092510
202155092511
202155092601
202155092602
202155092603
202155092604
202155092605
202155092606
202155092607
202155092608
202155092609
202155092610
202155092611
202165090401
202165090402
202165090403
202165090404
202165090405
202165090406
202165090407
202165090408
202165090409
202165090410
202165090411
202165090501
202165090502
202165090503
202165090504
202165090505
202165090506
202165090507
202165090508
202165090509
202165090510
202165090511
202165090512
202165091101
202165091102
202165091103
202165091104
202165091105
202165091106
202165091107
202165091108
202165091109
202165091110
202165091111
202165091201
202165091202
202165091203
202165091204
202165091205
202165091206
202165091207
202165091208
202165091209
202165091210
202165091211
202165091212
202165091801
202165091802
202165091803
202165091804
202165091805
202165091806
202165091807
202165091808
202165091809
202165091810
202165091811
202165091901
202165091902
202165091903
202165091904
202165091905
202165091906
202165091907
202165091908
202165091909
202165091910
202165091911
202165091912
202165092001
202165092002
202165092003
202165092004
202165092005
202165092006
202165092007
202165092008
202165092009
202165092010
202165092011
202165092012
202165092501
202165092502
202165092503
202165092504
202165092505
202165092506
202165092507
202165092508
202165092509
202165092510
202165092511
202165092601
202165092602
202165092603
202165092604
202165092605
202165092606
202165092607
202165092608
202165092609
202165092610
202165092611
202165092612