202105010301
202105010302
202105010303
202105010304
202105010305
202105010306
202105010307
202105010308
202105010309
202105010310
202105010311
202105010312
202105010401
202105010402
202105010403
202105010404
202105010405
202105010406
202105010407
202105010408
202105010409
202105010410
202105010411
202105010412
202105010501
202105010502
202105010503
202105010504
202105010505
202105010506
202105010507
202105010508
202105010509
202105010510
202105010511
202105010512
202105010601
202105010602
202105010603
202105010604
202105010605
202105010606
202105010607
202105010608
202105010609
202105010610
202105010611
202105010612
202105010701
202105010702
202105010703
202105010704
202105010705
202105010706
202105010707
202105010708
202105010709
202105010710
202105010711
202105010712
202105010801
202105010802
202105010803
202105010804
202105010805
202105010806
202105010807
202105010808
202105010809
202105010810
202105010811
202105010812
202106020101
202106020102
202106020103
202106020104
202106020105
202106020106
202106020107
202106020108
202106020109
202106020110
202106020111
202106020112
202106020201
202106020202
202106020203
202106020204
202106020205
202106020206
202106020207
202106020208
202106020209
202106020210
202106020211
202106020212
202107011101
202107011102
202107011103
202107011104
202107011105
202107011106
202107011107
202107011108
202107011109
202107011110
202107011111
202107011112
202107011201
202107011202
202107011203
202107011204
202107011205
202107011206
202107011207
202107011208
202107011209
202107011210
202107011211
202107011212
202109010101
202109010102
202109010103
202109010104
202109010105
202109010106
202109010107
202109010108
202109010109
202109010110
202109010111
202109010112
202109010201
202109010202
202109010203
202109010204
202109010205
202109010206
202109010207
202109010208
202109010209
202109010210
202109010211
202109010212
202109010301
202109010302
202109010303
202109010304
202109010305
202109010306
202109010307
202109010308
202109010309
202109010310
202109010311
202109010312
202109010401
202109010402
202109010403
202109010404
202109010405
202109010406
202109010407
202109010408
202109010409
202109010410
202109010411
202109010412
202109010501
202109010502
202109010503
202109010504
202109010505
202109010506
202109010507
202109010508
202109010509
202109010510
202109010511
202109010512
202109010601
202109010602
202109010603
202109010604
202109010605
202109010606
202109010607
202109010608
202109010609
202109010610
202109010611
202109010612
202110010701
202110010702
202110010703
202110010704
202110010705
202110010706
202110010707
202110010708
202110010709
202110010710
202110010711
202110010712
202110010801
202110010802
202110010803
202110010804
202110010805
202110010806
202110010807
202110010808
202110010809
202110010810
202110010811
202110010812
202110020101
202110020102
202110020103
202110020104
202110020105
202110020106
202110020107
202110020108
202110020109
202110020110
202110020111
202110020112
202110020201
202110020202
202110020203
202110020204
202110020205
202110020206
202110020207
202110020208
202110020209
202110020210
202110020211
202110020212
202110020301
202110020302
202110020303
202110020304
202110020305
202110020306
202110020307
202110020308
202110020309
202110020310
202110020311
202110020312
202110020401
202110020402
202110020403
202110020404
202110020405
202110020406
202110020407
202110020408
202110020409
202110020410
202110020411
202110020412
202110020501
202110020502
202110020503
202110020504
202110020505
202110020506
202110020507
202110020508
202110020509
202110020510
202110020511
202110020512
202110020601
202110020602
202110020603
202110020604
202110020605
202110020606
202110020607
202110020608
202110020609
202110020610
202110020611
202110020612
202154020701
202154020702
202154020703
202154020704
202154020705
202154020706
202154020707
202154020708
202154020709
202154020710
202154020711
202154020712
202154021401
202154021402
202154021403
202154021404
202154021405
202154021406
202154021407
202154021408
202154021409
202154021410
202154021411
202154021412
202154022101
202154022102
202154022103
202154022104
202154022105
202154022106
202154022107
202154022108
202154022109
202154022110
202154022111
202154022112
202154022801
202154022802
202154022803
202154022804
202154022805
202154022806
202154022807
202154022808
202154022809
202154022810
202155020601
202155020602
202155020603
202155020604
202155020605
202155020606
202155020607
202155020608
202155020609
202155020610
202155020611
202155020612
202155020701
202155020702
202155020703
202155020704
202155020705
202155020706
202155020707
202155020708
202155020709
202155020710
202155021301
202155021302
202155021303
202155021304
202155021305
202155021306
202155021307
202155021308
202155021309
202155021310
202155021311
202155021312
202155021401
202155021402
202155021403
202155021404
202155021405
202155021406
202155021407
202155021408
202155021409
202155021410
202155022001
202155022002
202155022003
202155022004
202155022005
202155022006
202155022007
202155022008
202155022009
202155022010
202155022011
202155022012
202155022101
202155022102
202155022103
202155022104
202155022105
202155022106
202155022107
202155022108
202155022109
202155022110
202155022701
202155022702
202155022703
202155022704
202155022705
202155022706
202155022707
202155022708
202155022709
202155022710
202155022711
202155022712
202155022801
202155022802
202155022803
202155022804
202155022805
202155022806
202155022807
202155022808
202155022809
202155022810
202165020601
202165020602
202165020603
202165020604
202165020605
202165020606
202165020607
202165020608
202165020609
202165020610
202165020611
202165020701
202165020702
202165020703
202165020704
202165020705
202165020706
202165020707
202165020708
202165020709
202165020710
202165020711
202165021301
202165021302
202165021303
202165021304
202165021305
202165021306
202165021307
202165021308
202165021309
202165021310
202165021311
202165021401
202165021402
202165021403
202165021404
202165021405
202165021406
202165021407
202165021408
202165021409
202165021410
202165021411
202165022001
202165022002
202165022003
202165022004
202165022005
202165022006
202165022007
202165022008
202165022009
202165022010
202165022011
202165022101
202165022102
202165022103
202165022104
202165022105
202165022106
202165022107
202165022108
202165022109
202165022110
202165022111
202165022701
202165022702
202165022703
202165022704
202165022705
202165022706
202165022707
202165022708
202165022709
202165022710
202165022711
202165022801
202165022802
202165022803
202165022804
202165022805
202165022806
202165022807
202165022808
202165022809
202165022810
202165022811