202106050101
202106050102
202106050103
202106050104
202106050105
202106050106
202106050107
202106050108
202106050109
202106050110
202106050111
202106050112
202106050201
202106050202
202106050203
202106050204
202106050205
202106050206
202106050207
202106050208
202106050209
202106050210
202106050211
202106050212
202106050301
202106050302
202106050303
202106050304
202106050305
202106050306
202106050307
202106050308
202106050309
202106050310
202106050311
202106050312
202106050401
202106050402
202106050403
202106050404
202106050405
202106050406
202106050407
202106050408
202106050409
202106050410
202106050411
202106050412
202106050501
202106050502
202106050503
202106050504
202106050505
202106050506
202106050507
202106050508
202106050509
202106050510
202106050511
202106050512
202106050601
202106050602
202106050603
202106050604
202106050605
202106050606
202106050607
202106050608
202106050609
202106050610
202106050611
202106050612
202106050701
202106050702
202106050703
202106050704
202106050705
202106050706
202106050707
202106050708
202106050709
202106050710
202106050711
202106050712
202106050801
202106050802
202106050803
202106050804
202106050805
202106050806
202106050807
202106050808
202106050809
202106050810
202106050811
202106050812
202106050901
202106050902
202106050903
202106050904
202106050905
202106050906
202106050907
202106050908
202106050909
202106050910
202106050911
202106050912
202107060101
202107060102
202107060103
202107060104
202107060105
202107060106
202107060107
202107060108
202107060109
202107060110
202107060111
202107060112
202107060201
202107060202
202107060203
202107060204
202107060205
202107060206
202107060207
202107060208
202107060209
202107060210
202107060211
202107060212
202107060301
202107060302
202107060303
202107060304
202107060305
202107060306
202107060307
202107060308
202107060309
202107060310
202107060311
202107060312
202107060401
202107060402
202107060403
202107060404
202107060405
202107060406
202107060407
202107060408
202107060409
202107060410
202107060411
202107060412
202107060501
202107060502
202107060503
202107060504
202107060505
202107060506
202107060507
202107060508
202107060509
202107060510
202107060511
202107060512
202107060601
202107060602
202107060603
202107060604
202107060605
202107060606
202107060607
202107060608
202107060609
202107060610
202107060611
202107060612
202109060101
202109060102
202109060103
202109060104
202109060105
202109060106
202109060107
202109060108
202109060109
202109060110
202109060111
202109060112
202109060201
202109060202
202109060203
202109060204
202109060205
202109060206
202109060207
202109060208
202109060209
202109060210
202109060211
202109060212
202109060301
202109060302
202109060303
202109060304
202109060305
202109060306
202109060307
202109060308
202109060309
202109060310
202109060311
202109060312
202109060401
202109060402
202109060403
202109060404
202109060405
202109060406
202109060407
202109060408
202109060409
202109060410
202109060411
202109060412
202109060501
202109060502
202109060503
202109060504
202109060505
202109060506
202109060507
202109060508
202109060509
202109060510
202109060511
202109060512
202109060601
202109060602
202109060603
202109060604
202109060605
202109060606
202109060607
202109060608
202109060609
202109060610
202109060611
202109060612
202109060701
202109060702
202109060703
202109060704
202109060705
202109060706
202109060707
202109060708
202109060709
202109060710
202109060711
202109060712
202109060801
202109060802
202109060803
202109060804
202109060805
202109060806
202109060807
202109060808
202109060809
202109060810
202109060811
202109060812
202109060901
202109060902
202109060903
202109060904
202109060905
202109060906
202109060907
202109060908
202109060909
202109060910
202109060911
202109060912
202136120501
202136120502
202136120503
202136120504
202136120505
202136120506
202136120507
202136120508
202136120509
202136120510
202136120511
202136121201
202136121202
202136121203
202136121204
202136121205
202136121206
202136121207
202136121208
202136121209
202136121210
202136121211
202136121901
202136121902
202136121903
202136121904
202136121905
202136121906
202136121907
202136121908
202136121909
202136121910
202136121911
202136122601
202136122602
202136122603
202136122604
202136122605
202136122606
202136122607
202136122608
202136122609
202136122610
202144122801
202144122802
202144122803
202144122804
202144122805
202144122806
202144122807
202144122808
202144122809
202144122810
202146120501
202146120502
202146120503
202146120504
202146120505
202146120506
202146120507
202146120508
202146120509
202146120510
202146121201
202146121202
202146121203
202146121204
202146121205
202146121206
202146121207
202146121208
202146121209
202146121210
202146122801
202146122802
202146122803
202146122804
202146122805
202146122806
202146122807
202146122808
202146122809
202146122810
202154120401
202154120402
202154120403
202154120404
202154120405
202154120406
202154120407
202154120408
202154120409
202154120410
202154120411
202154120501
202154120502
202154120503
202154120504
202154120505
202154120506
202154120507
202154120508
202154120509
202154120510
202154120511
202154121101
202154121102
202154121103
202154121104
202154121105
202154121106
202154121107
202154121108
202154121109
202154121110
202154121111
202154121112
202154121201
202154121202
202154121203
202154121204
202154121205
202154121206
202154121207
202154121208
202154121209
202154121210
202154121211
202154121212
202154121801
202154121802
202154121803
202154121804
202154121805
202154121806
202154121807
202154121808
202154121809
202154121810
202154121811
202154121901
202154121902
202154121903
202154121904
202154121905
202154121906
202154121907
202154121908
202154121909
202154121910
202154121911
202154122801
202154122802
202154122803
202154122804
202154122805
202154122806
202154122807
202154122808
202154122809
202154122810
202154122811
202155120401
202155120402
202155120403
202155120404
202155120405
202155120406
202155120407
202155120408
202155120409
202155120410
202155120411
202155120501
202155120502
202155120503
202155120504
202155120505
202155120506
202155120507
202155120508
202155120509
202155120510
202155120511
202155121101
202155121102
202155121103
202155121104
202155121105
202155121106
202155121107
202155121108
202155121109
202155121110
202155121801
202155121802
202155121803
202155121804
202155121805
202155121806
202155121807
202155121808
202155121809
202155121810
202155121811
202155121901
202155121902
202155121903
202155121904
202155121905
202155121906
202155121907
202155121908
202155121909
202155121910
202155121911
202155122501
202155122502
202155122503
202155122504
202155122505
202155122506
202155122507
202155122508
202155122509
202155122510
202155122511
202155122512
202155122601
202155122602
202155122603
202155122604
202155122605
202155122606
202155122607
202155122608
202155122609
202155122610
202155122611
202165120401
202165120402
202165120403
202165120404
202165120405
202165120406
202165120407
202165120408
202165120409
202165120410
202165120411
202165120412
202165120501
202165120502
202165120503
202165120504
202165120505
202165120506
202165120507
202165120508
202165120509
202165120510
202165120511
202165120512
202165121101
202165121102
202165121103
202165121104
202165121105
202165121106
202165121107
202165121108
202165121109
202165121110
202165121111
202165121112
202165121201
202165121202
202165121203
202165121204
202165121205
202165121206
202165121207
202165121208
202165121209
202165121210
202165121211
202165121212
202165121801
202165121802
202165121803
202165121804
202165121805
202165121806
202165121807
202165121808
202165121809
202165121810
202165121811
202165121812
202165121901
202165121902
202165121903
202165121904
202165121905
202165121906
202165121907
202165121908
202165121909
202165121910
202165121911
202165121912
202165122501
202165122502
202165122503
202165122504
202165122505
202165122506
202165122507
202165122508
202165122509
202165122510
202165122511
202165122512
202165122601
202165122602
202165122603
202165122604
202165122605
202165122606
202165122607
202165122608
202165122609
202165122610
202165122611
202165122612
202165122801
202165122802
202165122803
202165122804
202165122805
202165122806
202165122807
202165122808
202165122809
202165122810
202165122811
202165122812