202105010101
202105010102
202105010103
202105010104
202105010105
202105010106
202105010107
202105010108
202105010109
202105010110
202105010111
202105010112
202105010201
202105010202
202105010203
202105010204
202105010205
202105010206
202105010207
202105010208
202105010209
202105010210
202105010211
202105010212
202106010101
202106010102
202106010103
202106010104
202106010105
202106010106
202106010107
202106010108
202106010109
202106010110
202106010111
202106010112
202106010201
202106010202
202106010203
202106010204
202106010205
202106010206
202106010207
202106010208
202106010209
202106010210
202106010211
202106010212
202106010301
202106010302
202106010303
202106010304
202106010305
202106010306
202106010307
202106010308
202106010309
202106010310
202106010311
202106010312
202106010401
202106010402
202106010403
202106010404
202106010405
202106010406
202106010407
202106010408
202106010409
202106010410
202106010411
202106010412
202106010501
202106010502
202106010503
202106010504
202106010505
202106010506
202106010507
202106010508
202106010509
202106010510
202106010511
202106010512
202106010601
202106010602
202106010603
202106010604
202106010605
202106010606
202106010607
202106010608
202106010609
202106010610
202106010611
202106010612
202106010701
202106010702
202106010703
202106010704
202106010705
202106010706
202106010707
202106010708
202106010709
202106010710
202106010711
202106010712
202106010801
202106010802
202106010803
202106010804
202106010805
202106010806
202106010807
202106010808
202106010809
202106010810
202106010811
202106010812
202107010101
202107010102
202107010103
202107010104
202107010105
202107010106
202107010107
202107010108
202107010109
202107010110
202107010111
202107010112
202107010201
202107010202
202107010203
202107010204
202107010205
202107010206
202107010207
202107010208
202107010209
202107010210
202107010211
202107010212
202107010301
202107010302
202107010303
202107010304
202107010305
202107010306
202107010307
202107010308
202107010309
202107010310
202107010311
202107010312
202107010401
202107010402
202107010403
202107010404
202107010405
202107010406
202107010407
202107010408
202107010409
202107010410
202107010411
202107010412
202107010501
202107010502
202107010503
202107010504
202107010505
202107010506
202107010507
202107010508
202107010509
202107010510
202107010511
202107010512
202107010601
202107010602
202107010603
202107010604
202107010605
202107010606
202107010607
202107010608
202107010609
202107010610
202107010611
202107010612
202107010701
202107010702
202107010703
202107010704
202107010705
202107010706
202107010707
202107010708
202107010709
202107010710
202107010711
202107010712
202107010801
202107010802
202107010803
202107010804
202107010805
202107010806
202107010807
202107010808
202107010809
202107010810
202107010811
202107010812
202107010901
202107010902
202107010903
202107010904
202107010905
202107010906
202107010907
202107010908
202107010909
202107010910
202107010911
202107010912
202107011001
202107011002
202107011003
202107011004
202107011005
202107011006
202107011007
202107011008
202107011009
202107011010
202107011011
202107011012
202110010101
202110010102
202110010103
202110010104
202110010105
202110010106
202110010107
202110010108
202110010109
202110010110
202110010111
202110010112
202110010201
202110010202
202110010203
202110010204
202110010205
202110010206
202110010207
202110010208
202110010209
202110010210
202110010211
202110010212
202110010301
202110010302
202110010303
202110010304
202110010305
202110010306
202110010307
202110010308
202110010309
202110010310
202110010311
202110010312
202110010401
202110010402
202110010403
202110010404
202110010405
202110010406
202110010407
202110010408
202110010409
202110010410
202110010411
202110010412
202110010501
202110010502
202110010503
202110010504
202110010505
202110010506
202110010507
202110010508
202110010509
202110010510
202110010511
202110010512
202110010601
202110010602
202110010603
202110010604
202110010605
202110010606
202110010607
202110010608
202110010609
202110010610
202110010611
202110010612
202136010901
202136010902
202136010903
202136010904
202136010905
202136010906
202136010907
202136010908
202136010909
202136010910
202136011001
202136011002
202136011003
202136011004
202136011005
202136011006
202136011007
202136011008
202136011009
202136011010
202136011101
202136011102
202136011103
202136011104
202136011105
202136011106
202136011107
202136011108
202136011109
202136011110
202143011101
202143011102
202143011103
202143011104
202143011105
202143011106
202143011107
202143011108
202143011109
202143011110
202143011111
202143011112
202154010901
202154010902
202154010903
202154010904
202154010905
202154010906
202154010907
202154010908
202154010909
202154010910
202154010911
202154011001
202154011002
202154011003
202154011004
202154011005
202154011006
202154011007
202154011008
202154011009
202154011010
202154011011
202154011012
202154011101
202154011102
202154011103
202154011104
202154011105
202154011106
202154011107
202154011108
202154011109
202154011110
202154011111
202154011112
202154011701
202154011702
202154011703
202154011704
202154011705
202154011706
202154011707
202154011708
202154011709
202154011710
202154011711
202154012401
202154012402
202154012403
202154012404
202154012405
202154012406
202154012407
202154012408
202154012409
202154012410
202154012411
202154012412
202154013101
202154013102
202154013103
202154013104
202154013105
202154013106
202154013107
202154013108
202154013109
202154013110
202154013111
202154013112
202155010501
202155010502
202155010503
202155010504
202155010505
202155010506
202155010507
202155010508
202155010509
202155010510
202155011001
202155011002
202155011003
202155011004
202155011005
202155011006
202155011007
202155011008
202155011009
202155011010
202155011101
202155011102
202155011103
202155011104
202155011105
202155011106
202155011107
202155011108
202155011109
202155011110
202155011601
202155011602
202155011603
202155011604
202155011605
202155011606
202155011607
202155011608
202155011609
202155011610
202155011701
202155011702
202155011703
202155011704
202155011705
202155011706
202155011707
202155011708
202155011709
202155011710
202155012301
202155012302
202155012303
202155012304
202155012305
202155012306
202155012307
202155012308
202155012309
202155012310
202155012311
202155012312
202155012401
202155012402
202155012403
202155012404
202155012405
202155012406
202155012407
202155012408
202155012409
202155012410
202155013001
202155013002
202155013003
202155013004
202155013005
202155013006
202155013007
202155013008
202155013009
202155013010
202155013011
202155013012
202155013101
202155013102
202155013103
202155013104
202155013105
202155013106
202155013107
202155013108
202155013109
202155013110
202165010501
202165010502
202165010503
202165010504
202165010505
202165010506
202165010507
202165010508
202165010509
202165010510
202165010511
202165010512
202165011001
202165011002
202165011003
202165011004
202165011005
202165011006
202165011007
202165011008
202165011009
202165011010
202165011011
202165011101
202165011102
202165011103
202165011104
202165011105
202165011106
202165011107
202165011108
202165011109
202165011110
202165011111
202165011601
202165011602
202165011603
202165011604
202165011605
202165011606
202165011607
202165011608
202165011609
202165011610
202165011611
202165011701
202165011702
202165011703
202165011704
202165011705
202165011706
202165011707
202165011708
202165011709
202165011710
202165011711
202165012301
202165012302
202165012303
202165012304
202165012305
202165012306
202165012307
202165012308
202165012309
202165012310
202165012311
202165012401
202165012402
202165012403
202165012404
202165012405
202165012406
202165012407
202165012408
202165012409
202165012410
202165012411
202165013001
202165013002
202165013003
202165013004
202165013005
202165013006
202165013007
202165013008
202165013009
202165013010
202165013011
202165013101
202165013102
202165013103
202165013104
202165013105
202165013106
202165013107
202165013108
202165013109
202165013110
202165013111