202101020101
202101020102
202101020103
202101020104
202101020105
202101020106
202101020107
202101020108
202101020109
202101020110
202101020111
202101020112
202101020201
202101020202
202101020203
202101020204
202101020205
202101020206
202101020207
202101020208
202101020209
202101020210
202101020211
202101020212
202101020301
202101020302
202101020303
202101020304
202101020305
202101020306
202101020307
202101020308
202101020309
202101020310
202101020311
202101020312
202101020401
202101020402
202101020403
202101020404
202101020405
202101020406
202101020407
202101020408
202101020409
202101020410
202101020411
202101020412
202101020501
202101020502
202101020503
202101020504
202101020505
202101020506
202101020507
202101020508
202101020509
202101020510
202101020511
202101020512
202101020601
202101020602
202101020603
202101020604
202101020605
202101020606
202101020607
202101020608
202101020609
202101020610
202101020611
202101020612
202102011001
202102011002
202102011003
202102011004
202102011005
202102011006
202102011007
202102011008
202102011009
202102011010
202102011011
202102011012
202102011101
202102011102
202102011103
202102011104
202102011105
202102011106
202102011107
202102011108
202102011109
202102011110
202102011111
202102011112
202102011201
202102011202
202102011203
202102011204
202102011205
202102011206
202102011207
202102011208
202102011209
202102011210
202102011211
202102011212
202104030401
202104030402
202104030403
202104030404
202104030405
202104030406
202104030407
202104030408
202104030409
202104030410
202104030411
202104030412
202104030501
202104030502
202104030503
202104030504
202104030505
202104030506
202104030507
202104030508
202104030509
202104030510
202104030511
202104030512
202104030601
202104030602
202104030603
202104030604
202104030605
202104030606
202104030607
202104030608
202104030609
202104030610
202104030611
202104030612
202104040101
202104040102
202104040103
202104040104
202104040105
202104040106
202104040107
202104040108
202104040109
202104040110
202104040111
202104040112
202104040201
202104040202
202104040203
202104040204
202104040205
202104040206
202104040207
202104040208
202104040209
202104040210
202104040211
202104040212
202104040301
202104040302
202104040303
202104040304
202104040305
202104040306
202104040307
202104040308
202104040309
202104040310
202104040311
202104040312
202104040401
202104040402
202104040403
202104040404
202104040405
202104040406
202104040407
202104040408
202104040409
202104040410
202104040411
202104040412
202104040501
202104040502
202104040503
202104040504
202104040505
202104040506
202104040507
202104040508
202104040509
202104040510
202104040511
202104040512
202104040601
202104040602
202104040603
202104040604
202104040605
202104040606
202104040607
202104040608
202104040609
202104040610
202104040611
202104040612
202110040101
202110040102
202110040103
202110040104
202110040105
202110040106
202110040107
202110040108
202110040109
202110040110
202110040111
202110040112
202110040201
202110040202
202110040203
202110040204
202110040205
202110040206
202110040207
202110040208
202110040209
202110040210
202110040211
202110040212
202110040301
202110040302
202110040303
202110040304
202110040305
202110040306
202110040307
202110040308
202110040309
202110040310
202110040311
202110040312
202110040401
202110040402
202110040403
202110040404
202110040405
202110040406
202110040407
202110040408
202110040409
202110040410
202110040411
202110040412
202110040501
202110040502
202110040503
202110040504
202110040505
202110040506
202110040507
202110040508
202110040509
202110040510
202110040511
202110040512
202110040601
202110040602
202110040603
202110040604
202110040605
202110040606
202110040607
202110040608
202110040609
202110040610
202110040611
202110040612
202135080101
202135080102
202135080103
202135080104
202135080105
202135080106
202135080107
202135080108
202135080109
202135080110
202135080111
202135080801
202135080802
202135080803
202135080804
202135080805
202135080806
202135080807
202135080808
202135080809
202135080810
202135080811
202135081501
202135081502
202135081503
202135081504
202135081505
202135081506
202135081507
202135081508
202135081509
202135081510
202135081511
202135082201
202135082202
202135082203
202135082204
202135082205
202135082206
202135082207
202135082208
202135082209
202135082210
202135082211
202135082901
202135082902
202135082903
202135082904
202135082905
202135082906
202135082907
202135082908
202135082909
202135082910
202135082911
202135082912
202145082901
202145082902
202145082903
202145082904
202145082905
202145082906
202145082907
202145082908
202145082909
202145082910
202145082911
202145082912
202146080101
202146080102
202146080103
202146080104
202146080105
202146080106
202146080107
202146080108
202146080109
202146080110
202146080111
202146081501
202146081502
202146081503
202146081504
202146081505
202146081506
202146081507
202146081508
202146081509
202146081510
202146081511
202146082201
202146082202
202146082203
202146082204
202146082205
202146082206
202146082207
202146082208
202146082209
202146082210
202146082211
202146082212
202146082901
202146082902
202146082903
202146082904
202146082905
202146082906
202146082907
202146082908
202146082909
202146082910
202146082911
202154080101
202154080102
202154080103
202154080104
202154080105
202154080106
202154080107
202154080108
202154080109
202154080110
202154080111
202154080112
202154080801
202154080802
202154080803
202154080804
202154080805
202154080806
202154080807
202154080808
202154080809
202154080810
202154080811
202154080812
202154082101
202154082102
202154082103
202154082104
202154082105
202154082106
202154082107
202154082108
202154082109
202154082110
202154082111
202154082112
202154082201
202154082202
202154082203
202154082204
202154082205
202154082206
202154082207
202154082208
202154082209
202154082210
202154082211
202154082212
202154082801
202154082802
202154082803
202154082804
202154082805
202154082806
202154082807
202154082808
202154082809
202154082810
202154082811
202154082812
202154082901
202154082902
202154082903
202154082904
202154082905
202154082906
202154082907
202154082908
202154082909
202154082910
202154082911
202154082912
202155080701
202155080702
202155080703
202155080704
202155080705
202155080706
202155080707
202155080708
202155080709
202155080710
202155080711
202155080801
202155080802
202155080803
202155080804
202155080805
202155080806
202155080807
202155080808
202155080809
202155080810
202155080811
202155081401
202155081402
202155081403
202155081404
202155081405
202155081406
202155081407
202155081408
202155081409
202155081410
202155081411
202155081501
202155081502
202155081503
202155081504
202155081505
202155081506
202155081507
202155081508
202155081509
202155081510
202155081511
202155082101
202155082102
202155082103
202155082104
202155082105
202155082106
202155082107
202155082108
202155082109
202155082110
202155082111
202155082201
202155082202
202155082203
202155082204
202155082205
202155082206
202155082207
202155082208
202155082209
202155082210
202155082211
202155082801
202155082802
202155082803
202155082804
202155082805
202155082806
202155082807
202155082808
202155082809
202155082810
202155082811
202165080101
202165080102
202165080103
202165080104
202165080105
202165080106
202165080107
202165080108
202165080109
202165080110
202165080111
202165080112
202165080701
202165080702
202165080703
202165080704
202165080705
202165080706
202165080707
202165080708
202165080709
202165080710
202165080711
202165080801
202165080802
202165080803
202165080804
202165080805
202165080806
202165080807
202165080808
202165080809
202165080810
202165080811
202165080812
202165081401
202165081402
202165081403
202165081404
202165081405
202165081406
202165081407
202165081408
202165081409
202165081410
202165081411
202165081501
202165081502
202165081503
202165081504
202165081505
202165081506
202165081507
202165081508
202165081509
202165081510
202165081511
202165081512
202165082101
202165082102
202165082103
202165082104
202165082105
202165082106
202165082107
202165082108
202165082109
202165082110
202165082111
202165082201
202165082202
202165082203
202165082204
202165082205
202165082206
202165082207
202165082208
202165082209
202165082210
202165082211
202165082212
202165082801
202165082802
202165082803
202165082804
202165082805
202165082806
202165082807
202165082808
202165082809
202165082810
202165082811
202165082901
202165082902
202165082903
202165082904
202165082905
202165082906
202165082907
202165082908
202165082909
202165082910
202165082911
202165082912