202106020301
202106020302
202106020303
202106020304
202106020305
202106020306
202106020307
202106020308
202106020309
202106020310
202106020311
202106020312
202106020401
202106020402
202106020403
202106020404
202106020405
202106020406
202106020407
202106020408
202106020409
202106020410
202106020411
202106020412
202106020501
202106020502
202106020503
202106020504
202106020505
202106020506
202106020507
202106020508
202106020509
202106020510
202106020511
202106020512
202106020601
202106020602
202106020603
202106020604
202106020605
202106020606
202106020607
202106020608
202106020609
202106020610
202106020611
202106020612
202106020701
202106020702
202106020703
202106020704
202106020705
202106020706
202106020707
202106020708
202106020709
202106020710
202106020711
202106020712
202106020801
202106020802
202106020803
202106020804
202106020805
202106020806
202106020807
202106020808
202106020809
202106020810
202106020811
202106020812
202106030101
202106030102
202106030103
202106030104
202106030105
202106030106
202106030107
202106030108
202106030109
202106030110
202106030111
202106030112
202106030201
202106030202
202106030203
202106030204
202106030205
202106030206
202106030207
202106030208
202106030209
202106030210
202106030211
202106030212
202107020101
202107020102
202107020103
202107020104
202107020105
202107020106
202107020107
202107020108
202107020109
202107020110
202107020111
202107020112
202107020201
202107020202
202107020203
202107020204
202107020205
202107020206
202107020207
202107020208
202107020209
202107020210
202107020211
202107020212
202107020301
202107020302
202107020303
202107020304
202107020305
202107020306
202107020307
202107020308
202107020309
202107020310
202107020311
202107020312
202107020401
202107020402
202107020403
202107020404
202107020405
202107020406
202107020407
202107020408
202107020409
202107020410
202107020411
202107020412
202107020501
202107020502
202107020503
202107020504
202107020505
202107020506
202107020507
202107020508
202107020509
202107020510
202107020511
202107020512
202107020601
202107020602
202107020603
202107020604
202107020605
202107020606
202107020607
202107020608
202107020609
202107020610
202107020611
202107020612
202109010701
202109010702
202109010703
202109010704
202109010705
202109010706
202109010707
202109010708
202109010709
202109010710
202109010711
202109010712
202109010801
202109010802
202109010803
202109010804
202109010805
202109010806
202109010807
202109010808
202109010809
202109010810
202109010811
202109010812
202109010901
202109010902
202109010903
202109010904
202109010905
202109010906
202109010907
202109010908
202109010909
202109010910
202109010911
202109010912
202109011001
202109011002
202109011003
202109011004
202109011005
202109011006
202109011007
202109011008
202109011009
202109011010
202109011011
202109011012
202109011101
202109011102
202109011103
202109011104
202109011105
202109011106
202109011107
202109011108
202109011109
202109011110
202109011111
202109011112
202109011201
202109011202
202109011203
202109011204
202109011205
202109011206
202109011207
202109011208
202109011209
202109011210
202109011211
202109011212
202109020101
202109020102
202109020103
202109020104
202109020105
202109020106
202109020107
202109020108
202109020109
202109020110
202109020111
202109020112
202109020201
202109020202
202109020203
202109020204
202109020205
202109020206
202109020207
202109020208
202109020209
202109020210
202109020211
202109020212
202110020701
202110020702
202110020703
202110020704
202110020705
202110020706
202110020707
202110020708
202110020709
202110020710
202110020711
202110020712
202110020801
202110020802
202110020803
202110020804
202110020805
202110020806
202110020807
202110020808
202110020809
202110020810
202110020811
202110020812
202136031301
202136031302
202136031303
202136031304
202136031305
202136031306
202136031307
202136031308
202136031309
202136031310
202136031311
202136031312
202136031401
202136031402
202136031403
202136031404
202136031405
202136031406
202136031407
202136031408
202136031409
202136031410
202136031411
202136031412
202136032001
202136032002
202136032003
202136032004
202136032005
202136032006
202136032007
202136032008
202136032009
202136032010
202136032011
202136032101
202136032102
202136032103
202136032104
202136032105
202136032106
202136032107
202136032108
202136032109
202136032110
202136032111
202136032701
202136032702
202136032703
202136032704
202136032705
202136032706
202136032707
202136032708
202136032709
202136032710
202136032711
202136032801
202136032802
202136032803
202136032804
202136032805
202136032806
202136032807
202136032808
202136032809
202136032810
202136032811
202146031401
202146031402
202146031403
202146031404
202146031405
202146031406
202146031407
202146031408
202146031409
202146031410
202146031411
202146032101
202146032102
202146032103
202146032104
202146032105
202146032106
202146032107
202146032108
202146032109
202146032110
202146032801
202146032802
202146032803
202146032804
202146032805
202146032806
202146032807
202146032808
202146032809
202146032810
202154030701
202154030702
202154030703
202154030704
202154030705
202154030706
202154030707
202154030708
202154030709
202154030710
202154030711
202154031401
202154031402
202154031403
202154031404
202154031405
202154031406
202154031407
202154031408
202154031409
202154031410
202154031411
202154032101
202154032102
202154032103
202154032104
202154032105
202154032106
202154032107
202154032108
202154032109
202154032110
202154032111
202154032801
202154032802
202154032803
202154032804
202154032805
202154032806
202154032807
202154032808
202154032809
202154032810
202154032811
202154032812
202155030601
202155030602
202155030603
202155030604
202155030605
202155030606
202155030607
202155030608
202155030609
202155030610
202155030611
202155030701
202155030702
202155030703
202155030704
202155030705
202155030706
202155030707
202155030708
202155030709
202155030710
202155030711
202155031301
202155031302
202155031303
202155031304
202155031305
202155031306
202155031307
202155031308
202155031309
202155031310
202155031311
202155031401
202155031402
202155031403
202155031404
202155031405
202155031406
202155031407
202155031408
202155031409
202155031410
202155031411
202155032001
202155032002
202155032003
202155032004
202155032005
202155032006
202155032007
202155032008
202155032009
202155032010
202155032011
202155032101
202155032102
202155032103
202155032104
202155032105
202155032106
202155032107
202155032108
202155032109
202155032110
202155032111
202155032701
202155032702
202155032703
202155032704
202155032705
202155032706
202155032707
202155032708
202155032709
202155032710
202155032711
202155032801
202155032802
202155032803
202155032804
202155032805
202155032806
202155032807
202155032808
202155032809
202155032810
202155032811
202165030601
202165030602
202165030603
202165030604
202165030605
202165030606
202165030607
202165030608
202165030609
202165030610
202165030611
202165030701
202165030702
202165030703
202165030704
202165030705
202165030706
202165030707
202165030708
202165030709
202165030710
202165030711
202165031301
202165031302
202165031303
202165031304
202165031305
202165031306
202165031307
202165031308
202165031309
202165031310
202165031311
202165031401
202165031402
202165031403
202165031404
202165031405
202165031406
202165031407
202165031408
202165031409
202165031410
202165031411
202165032001
202165032002
202165032003
202165032004
202165032005
202165032006
202165032007
202165032008
202165032009
202165032010
202165032011
202165032012
202165032101
202165032102
202165032103
202165032104
202165032105
202165032106
202165032107
202165032108
202165032109
202165032110
202165032111
202165032112