202101010101
202101010102
202101010103
202101010104
202101010105
202101010106
202101010107
202101010108
202101010109
202101010110
202101010111
202101010112
202101010201
202101010202
202101010203
202101010204
202101010205
202101010206
202101010207
202101010208
202101010209
202101010210
202101010211
202101010212
202101010301
202101010302
202101010303
202101010304
202101010305
202101010306
202101010307
202101010308
202101010309
202101010310
202101010311
202101010312
202101010401
202101010402
202101010403
202101010404
202101010405
202101010406
202101010407
202101010408
202101010409
202101010410
202101010411
202101010412
202101010501
202101010502
202101010503
202101010504
202101010505
202101010506
202101010507
202101010508
202101010509
202101010510
202101010511
202101010512
202101010601
202101010602
202101010603
202101010604
202101010605
202101010606
202101010607
202101010608
202101010609
202101010610
202101010611
202101010612
202105030101
202105030102
202105030103
202105030104
202105030105
202105030106
202105030107
202105030108
202105030109
202105030110
202105030111
202105030112
202105030201
202105030202
202105030203
202105030204
202105030205
202105030206
202105030207
202105030208
202105030209
202105030210
202105030211
202105030212
202105030301
202105030302
202105030303
202105030304
202105030305
202105030306
202105030307
202105030308
202105030309
202105030310
202105030311
202105030312
202105030401
202105030402
202105030403
202105030404
202105030405
202105030406
202105030407
202105030408
202105030409
202105030410
202105030411
202105030412
202105030501
202105030502
202105030503
202105030504
202105030505
202105030506
202105030507
202105030508
202105030509
202105030510
202105030511
202105030512
202105030601
202105030602
202105030603
202105030604
202105030605
202105030606
202105030607
202105030608
202105030609
202105030610
202105030611
202105030612
202105030701
202105030702
202105030703
202105030704
202105030705
202105030706
202105030707
202105030708
202105030709
202105030710
202105030711
202105030712
202105030801
202105030802
202105030803
202105030804
202105030805
202105030806
202105030807
202105030808
202105030809
202105030810
202105030811
202105030812
202107040101
202107040102
202107040103
202107040104
202107040105
202107040106
202107040107
202107040108
202107040109
202107040110
202107040111
202107040112
202107040201
202107040202
202107040203
202107040204
202107040205
202107040206
202107040207
202107040208
202107040209
202107040210
202107040211
202107040212
202107040301
202107040302
202107040303
202107040304
202107040305
202107040306
202107040307
202107040308
202107040309
202107040310
202107040311
202107040312
202107040401
202107040402
202107040403
202107040404
202107040405
202107040406
202107040407
202107040408
202107040409
202107040410
202107040411
202107040412
202109030101
202109030102
202109030103
202109030104
202109030105
202109030106
202109030107
202109030108
202109030109
202109030110
202109030111
202109030112
202109030201
202109030202
202109030203
202109030204
202109030205
202109030206
202109030207
202109030208
202109030209
202109030210
202109030211
202109030212
202109030301
202109030302
202109030303
202109030304
202109030305
202109030306
202109030307
202109030308
202109030309
202109030310
202109030311
202109030312
202109030401
202109030402
202109030403
202109030404
202109030405
202109030406
202109030407
202109030408
202109030409
202109030410
202109030411
202109030412
202135062701
202135062702
202135062703
202135062704
202135062705
202135062706
202135062707
202135062708
202135062709
202135062710
202135062711
202136060601
202136060602
202136060603
202136060604
202136060605
202136060606
202136060607
202136060608
202136060609
202136060610
202136060611
202136061301
202136061302
202136061303
202136061304
202136061305
202136061306
202136061307
202136061308
202136061309
202136061310
202136061311
202136062001
202136062002
202136062003
202136062004
202136062005
202136062006
202136062007
202136062008
202136062009
202136062010
202136062011
202146060601
202146060602
202146060603
202146060604
202146060605
202146060606
202146060607
202146060608
202146060609
202146060610
202146060611
202146061301
202146061302
202146061303
202146061304
202146061305
202146061306
202146061307
202146061308
202146061309
202146061310
202146061311
202146062001
202146062002
202146062003
202146062004
202146062005
202146062006
202146062007
202146062008
202146062009
202146062010
202146062011
202146062701
202146062702
202146062703
202146062704
202146062705
202146062706
202146062707
202146062708
202146062709
202146062710
202146062711
202154061201
202154061202
202154061203
202154061204
202154061205
202154061206
202154061207
202154061208
202154061209
202154061210
202154061211
202154061212
202154061301
202154061302
202154061303
202154061304
202154061305
202154061306
202154061307
202154061308
202154061309
202154061310
202154061311
202154061312
202154061901
202154061902
202154061903
202154061904
202154061905
202154061906
202154061907
202154061908
202154061909
202154061910
202154061911
202154061912
202154062001
202154062002
202154062003
202154062004
202154062005
202154062006
202154062007
202154062008
202154062009
202154062010
202154062011
202154062012
202154062601
202154062602
202154062603
202154062604
202154062605
202154062606
202154062607
202154062608
202154062609
202154062610
202154062611
202154062612
202154062701
202154062702
202154062703
202154062704
202154062705
202154062706
202154062707
202154062708
202154062709
202154062710
202154062711
202154062712
202155060501
202155060502
202155060503
202155060504
202155060505
202155060506
202155060507
202155060508
202155060509
202155060510
202155060511
202155060601
202155060602
202155060603
202155060604
202155060605
202155060606
202155060607
202155060608
202155060609
202155060610
202155060611
202155061201
202155061202
202155061203
202155061204
202155061205
202155061206
202155061207
202155061208
202155061209
202155061210
202155061211
202155061301
202155061302
202155061303
202155061304
202155061305
202155061306
202155061307
202155061308
202155061309
202155061310
202155061311
202155061901
202155061902
202155061903
202155061904
202155061905
202155061906
202155061907
202155061908
202155061909
202155061910
202155061911
202155062001
202155062002
202155062003
202155062004
202155062005
202155062006
202155062007
202155062008
202155062009
202155062010
202155062011
202155062601
202155062602
202155062603
202155062604
202155062605
202155062606
202155062607
202155062608
202155062609
202155062610
202155062611
202155062701
202155062702
202155062703
202155062704
202155062705
202155062706
202155062707
202155062708
202155062709
202155062710
202165060501
202165060502
202165060503
202165060504
202165060505
202165060506
202165060507
202165060508
202165060509
202165060510
202165060511
202165060601
202165060602
202165060603
202165060604
202165060605
202165060606
202165060607
202165060608
202165060609
202165060610
202165060611
202165061201
202165061202
202165061203
202165061204
202165061205
202165061206
202165061207
202165061208
202165061209
202165061210
202165061211
202165061301
202165061302
202165061303
202165061304
202165061305
202165061306
202165061307
202165061308
202165061309
202165061310
202165061311
202165061901
202165061902
202165061903
202165061904
202165061905
202165061906
202165061907
202165061908
202165061909
202165061910
202165061911
202165062001
202165062002
202165062003
202165062004
202165062005
202165062006
202165062007
202165062008
202165062009
202165062010
202165062011
202165062601
202165062602
202165062603
202165062604
202165062605
202165062606
202165062607
202165062608
202165062609
202165062610
202165062611
202165062701
202165062702
202165062703
202165062704
202165062705
202165062706
202165062707
202165062708
202165062709
202165062710
202165062711