202104010101
202104010102
202104010103
202104010104
202104010105
202104010106
202104010107
202104010108
202104010109
202104010110
202104010111
202104010112
202104010201
202104010202
202104010203
202104010204
202104010205
202104010206
202104010207
202104010208
202104010209
202104010210
202104010211
202104010212
202104010301
202104010302
202104010303
202104010304
202104010305
202104010306
202104010307
202104010308
202104010309
202104010310
202104010311
202104010312
202104010401
202104010402
202104010403
202104010404
202104010405
202104010406
202104010407
202104010408
202104010409
202104010410
202104010411
202104010412
202104010501
202104010502
202104010503
202104010504
202104010505
202104010506
202104010507
202104010508
202104010509
202104010510
202104010511
202104010512
202104010601
202104010602
202104010603
202104010604
202104010605
202104010606
202104010607
202104010608
202104010609
202104010610
202104010611
202104010612
202105020101
202105020102
202105020103
202105020104
202105020105
202105020106
202105020107
202105020108
202105020109
202105020110
202105020111
202105020112
202105020201
202105020202
202105020203
202105020204
202105020205
202105020206
202105020207
202105020208
202105020209
202105020210
202105020211
202105020212
202106030301
202106030302
202106030303
202106030304
202106030305
202106030306
202106030307
202106030308
202106030309
202106030310
202106030311
202106030312
202106030401
202106030402
202106030403
202106030404
202106030405
202106030406
202106030407
202106030408
202106030409
202106030410
202106030411
202106030412
202106030501
202106030502
202106030503
202106030504
202106030505
202106030506
202106030507
202106030508
202106030509
202106030510
202106030511
202106030512
202106030601
202106030602
202106030603
202106030604
202106030605
202106030606
202106030607
202106030608
202106030609
202106030610
202106030611
202106030612
202106030701
202106030702
202106030703
202106030704
202106030705
202106030706
202106030707
202106030708
202106030709
202106030710
202106030711
202106030712
202106030801
202106030802
202106030803
202106030804
202106030805
202106030806
202106030807
202106030808
202106030809
202106030810
202106030811
202106030812
202109020301
202109020302
202109020303
202109020304
202109020305
202109020306
202109020307
202109020308
202109020309
202109020310
202109020311
202109020312
202109020401
202109020402
202109020403
202109020404
202109020405
202109020406
202109020407
202109020408
202109020409
202109020410
202109020411
202109020412
202109020501
202109020502
202109020503
202109020504
202109020505
202109020506
202109020507
202109020508
202109020509
202109020510
202109020511
202109020512
202109020601
202109020602
202109020603
202109020604
202109020605
202109020606
202109020607
202109020608
202109020609
202109020610
202109020611
202109020612
202109020701
202109020702
202109020703
202109020704
202109020705
202109020706
202109020707
202109020708
202109020709
202109020710
202109020711
202109020712
202109020801
202109020802
202109020803
202109020804
202109020805
202109020806
202109020807
202109020808
202109020809
202109020810
202109020811
202109020812
202109020901
202109020902
202109020903
202109020904
202109020905
202109020906
202109020907
202109020908
202109020909
202109020910
202109020911
202109020912
202109021001
202109021002
202109021003
202109021004
202109021005
202109021006
202109021007
202109021008
202109021009
202109021010
202109021011
202109021012
202136040401
202136040402
202136040403
202136040404
202136040405
202136040406
202136040407
202136040408
202136040409
202136040410
202136040411
202136041101
202136041102
202136041103
202136041104
202136041105
202136041106
202136041107
202136041108
202136041109
202136041110
202136041111
202136041801
202136041802
202136041803
202136041804
202136041805
202136041806
202136041807
202136041808
202136041809
202136041810
202136041811
202136042501
202136042502
202136042503
202136042504
202136042505
202136042506
202136042507
202136042508
202136042509
202136042510
202136042511
202146040401
202146040402
202146040403
202146040404
202146040405
202146040406
202146040407
202146040408
202146040409
202146040410
202146041101
202146041102
202146041103
202146041104
202146041105
202146041106
202146041107
202146041108
202146041109
202146041110
202146041801
202146041802
202146041803
202146041804
202146041805
202146041806
202146041807
202146041808
202146041809
202146041810
202146041811
202146042501
202146042502
202146042503
202146042504
202146042505
202146042506
202146042507
202146042508
202146042509
202146042510
202146042511
202154041001
202154041002
202154041003
202154041004
202154041005
202154041006
202154041007
202154041008
202154041009
202154041010
202154041011
202154041012
202154041101
202154041102
202154041103
202154041104
202154041105
202154041106
202154041107
202154041108
202154041109
202154041110
202154041111
202154041112
202154041701
202154041702
202154041703
202154041704
202154041705
202154041706
202154041707
202154041708
202154041709
202154041710
202154041711
202154041712
202154041801
202154041802
202154041803
202154041804
202154041805
202154041806
202154041807
202154041808
202154041809
202154041810
202154041811
202154042401
202154042402
202154042403
202154042404
202154042405
202154042406
202154042407
202154042408
202154042409
202154042410
202154042411
202154042412
202154042501
202154042502
202154042503
202154042504
202154042505
202154042506
202154042507
202154042508
202154042509
202154042510
202154042511
202154042512
202155040301
202155040302
202155040303
202155040304
202155040305
202155040306
202155040307
202155040308
202155040309
202155040310
202155040311
202155040312
202155040401
202155040402
202155040403
202155040404
202155040405
202155040406
202155040407
202155040408
202155040409
202155040410
202155041001
202155041002
202155041003
202155041004
202155041005
202155041006
202155041007
202155041008
202155041009
202155041010
202155041011
202155041101
202155041102
202155041103
202155041104
202155041105
202155041106
202155041107
202155041108
202155041109
202155041110
202155041701
202155041702
202155041703
202155041704
202155041705
202155041706
202155041707
202155041708
202155041709
202155041710
202155041711
202155041801
202155041802
202155041803
202155041804
202155041805
202155041806
202155041807
202155041808
202155041809
202155041810
202155041811
202155042401
202155042402
202155042403
202155042404
202155042405
202155042406
202155042407
202155042408
202155042409
202155042410
202155042411
202155042501
202155042502
202155042503
202155042504
202155042505
202155042506
202155042507
202155042508
202155042509
202155042510
202155042511
202165042401
202165042402
202165042403
202165042404
202165042405
202165042406
202165042407
202165042408
202165042409
202165042410
202165042411
202165042501
202165042502
202165042503
202165042504
202165042505
202165042506
202165042507
202165042508
202165042509
202165042510
202165042511