202102010101
202102010102
202102010103
202102010104
202102010105
202102010106
202102010107
202102010108
202102010109
202102010110
202102010111
202102010112
202102010201
202102010202
202102010203
202102010204
202102010205
202102010206
202102010207
202102010208
202102010209
202102010210
202102010211
202102010212
202102010301
202102010302
202102010303
202102010304
202102010305
202102010306
202102010307
202102010308
202102010309
202102010310
202102010311
202102010312
202102010401
202102010402
202102010403
202102010404
202102010405
202102010406
202102010407
202102010408
202102010409
202102010410
202102010411
202102010412
202102010501
202102010502
202102010503
202102010504
202102010505
202102010506
202102010507
202102010508
202102010509
202102010510
202102010511
202102010512
202102010601
202102010602
202102010603
202102010604
202102010605
202102010606
202102010607
202102010608
202102010609
202102010610
202102010611
202102010612
202102010701
202102010702
202102010703
202102010704
202102010705
202102010706
202102010707
202102010708
202102010709
202102010710
202102010711
202102010712
202102010801
202102010802
202102010803
202102010804
202102010805
202102010806
202102010807
202102010808
202102010809
202102010810
202102010811
202102010812
202102010901
202102010902
202102010903
202102010904
202102010905
202102010906
202102010907
202102010908
202102010909
202102010910
202102010911
202102010912
202103010101
202103010102
202103010103
202103010104
202103010105
202103010106
202103010107
202103010108
202103010109
202103010110
202103010111
202103010112
202103010201
202103010202
202103010203
202103010204
202103010205
202103010206
202103010207
202103010208
202103010209
202103010210
202103010211
202103010212
202103010301
202103010302
202103010303
202103010304
202103010305
202103010306
202103010307
202103010308
202103010309
202103010310
202103010311
202103010312
202103010401
202103010402
202103010403
202103010404
202103010405
202103010406
202103010407
202103010408
202103010409
202103010410
202103010411
202103010412
202103010501
202103010502
202103010503
202103010504
202103010505
202103010506
202103010507
202103010508
202103010509
202103010510
202103010511
202103010512
202103010601
202103010602
202103010603
202103010604
202103010605
202103010606
202103010607
202103010608
202103010609
202103010610
202103010611
202103010612
202104030101
202104030102
202104030103
202104030104
202104030105
202104030106
202104030107
202104030108
202104030109
202104030110
202104030111
202104030112
202104030201
202104030202
202104030203
202104030204
202104030205
202104030206
202104030207
202104030208
202104030209
202104030210
202104030211
202104030212
202104030301
202104030302
202104030303
202104030304
202104030305
202104030306
202104030307
202104030308
202104030309
202104030310
202104030311
202104030312
202110030101
202110030102
202110030103
202110030104
202110030105
202110030106
202110030107
202110030108
202110030109
202110030110
202110030111
202110030112
202110030201
202110030202
202110030203
202110030204
202110030205
202110030206
202110030207
202110030208
202110030209
202110030210
202110030211
202110030212
202110030301
202110030302
202110030303
202110030304
202110030305
202110030306
202110030307
202110030308
202110030309
202110030310
202110030311
202110030312
202110030401
202110030402
202110030403
202110030404
202110030405
202110030406
202110030407
202110030408
202110030409
202110030410
202110030411
202110030412
202110030501
202110030502
202110030503
202110030504
202110030505
202110030506
202110030507
202110030508
202110030509
202110030510
202110030511
202110030512
202110030601
202110030602
202110030603
202110030604
202110030605
202110030606
202110030607
202110030608
202110030609
202110030610
202110030611
202110030612
202135070401
202135070402
202135070403
202135070404
202135070405
202135070406
202135070407
202135070408
202135070409
202135070410
202135070411
202135071101
202135071102
202135071103
202135071104
202135071105
202135071106
202135071107
202135071108
202135071109
202135071110
202135071111
202135071801
202135071802
202135071803
202135071804
202135071805
202135071806
202135071807
202135071808
202135071809
202135071810
202135071811
202135072501
202135072502
202135072503
202135072504
202135072505
202135072506
202135072507
202135072508
202135072509
202135072510
202135072511
202143071701
202143071702
202143071703
202143071704
202143071705
202143071706
202143071707
202143071708
202143071709
202143071710
202143071711
202143071712
202143071801
202143071802
202143071803
202143071804
202143071805
202143071806
202143071807
202143071808
202143071809
202143071810
202143071811
202143071812
202145073101
202145073102
202145073103
202145073104
202145073105
202145073106
202145073107
202145073108
202145073109
202145073110
202146070401
202146070402
202146070403
202146070404
202146070405
202146070406
202146070407
202146070408
202146070409
202146070410
202146070411
202146071101
202146071102
202146071103
202146071104
202146071105
202146071106
202146071107
202146071108
202146071109
202146071110
202146071111
202146071801
202146071802
202146071803
202146071804
202146071805
202146071806
202146071807
202146071808
202146071809
202146071810
202146071811
202146072501
202146072502
202146072503
202146072504
202146072505
202146072506
202146072507
202146072508
202146072509
202146072510
202146072511
202154070301
202154070302
202154070303
202154070304
202154070305
202154070306
202154070307
202154070308
202154070309
202154070310
202154070311
202154070312
202154070401
202154070402
202154070403
202154070404
202154070405
202154070406
202154070407
202154070408
202154070409
202154070410
202154070411
202154071001
202154071002
202154071003
202154071004
202154071005
202154071006
202154071007
202154071008
202154071009
202154071010
202154071011
202154071012
202154071101
202154071102
202154071103
202154071104
202154071105
202154071106
202154071107
202154071108
202154071109
202154071110
202154071111
202154071112
202154071701
202154071702
202154071703
202154071704
202154071705
202154071706
202154071707
202154071708
202154071709
202154071710
202154071711
202154071712
202154071801
202154071802
202154071803
202154071804
202154071805
202154071806
202154071807
202154071808
202154071809
202154071810
202154071811
202154071812
202154072401
202154072402
202154072403
202154072404
202154072405
202154072406
202154072407
202154072408
202154072409
202154072410
202154072411
202154072412
202154072501
202154072502
202154072503
202154072504
202154072505
202154072506
202154072507
202154072508
202154072509
202154072510
202154072511
202154072512
202154073101
202154073102
202154073103
202154073104
202154073105
202154073106
202154073107
202154073108
202154073109
202154073110
202154073111
202154073112
202155070301
202155070302
202155070303
202155070304
202155070305
202155070306
202155070307
202155070308
202155070309
202155070310
202155070311
202155070401
202155070402
202155070403
202155070404
202155070405
202155070406
202155070407
202155070408
202155070409
202155070410
202155071001
202155071002
202155071003
202155071004
202155071005
202155071006
202155071007
202155071008
202155071009
202155071010
202155071101
202155071102
202155071103
202155071104
202155071105
202155071106
202155071107
202155071108
202155071109
202155071110
202155071111
202155071112
202155071701
202155071702
202155071703
202155071704
202155071705
202155071706
202155071707
202155071708
202155071709
202155071710
202155072401
202155072402
202155072403
202155072404
202155072405
202155072406
202155072407
202155072408
202155072409
202155072410
202155072501
202155072502
202155072503
202155072504
202155072505
202155072506
202155072507
202155072508
202155072509
202155072510
202165070301
202165070302
202165070303
202165070304
202165070305
202165070306
202165070307
202165070308
202165070309
202165070310
202165070311
202165070401
202165070402
202165070403
202165070404
202165070405
202165070406
202165070407
202165070408
202165070409
202165070410
202165070411
202165071001
202165071002
202165071003
202165071004
202165071005
202165071006
202165071007
202165071008
202165071009
202165071010
202165071011
202165071101
202165071102
202165071103
202165071104
202165071105
202165071106
202165071107
202165071108
202165071109
202165071110
202165071111
202165071112
202165071701
202165071702
202165071703
202165071704
202165071705
202165071706
202165071707
202165071708
202165071709
202165071710
202165071711
202165071801
202165071802
202165071803
202165071804
202165071805
202165071806
202165071807
202165071808
202165071809
202165071810
202165071811
202165071812
202165072401
202165072402
202165072403
202165072404
202165072405
202165072406
202165072407
202165072408
202165072409
202165072410
202165072411
202165072501
202165072502
202165072503
202165072504
202165072505
202165072506
202165072507
202165072508
202165072509
202165072510
202165072511
202165072512
202165073101
202165073102
202165073103
202165073104
202165073105
202165073106
202165073107
202165073108
202165073109
202165073110
202165073111