202203010101
202203010102
202203010103
202203010104
202203010105
202203010106
202203010107
202203010108
202203010109
202203010110
202203010111
202203010112
202203010201
202203010202
202203010203
202203010204
202203010205
202203010206
202203010207
202203010208
202203010209
202203010210
202203010211
202203010212
202203010301
202203010302
202203010303
202203010304
202203010305
202203010306
202203010307
202203010308
202203010309
202203010310
202203010311
202203010312
202203010401
202203010402
202203010403
202203010404
202203010405
202203010406
202203010407
202203010408
202203010409
202203010410
202203010411
202203010412
202203010501
202203010502
202203010503
202203010504
202203010505
202203010506
202203010507
202203010508
202203010509
202203010510
202203010511
202203010512
202205020101
202205020102
202205020103
202205020104
202205020105
202205020106
202205020107
202205020108
202205020109
202205020110
202205020111
202205020112
202205020201
202205020202
202205020203
202205020204
202205020205
202205020206
202205020207
202205020208
202205020209
202205020210
202205020211
202205020212
202205020301
202205020302
202205020303
202205020304
202205020305
202205020306
202205020307
202205020308
202205020309
202205020310
202205020311
202205020312
202206030301
202206030302
202206030303
202206030304
202206030305
202206030306
202206030307
202206030308
202206030309
202206030310
202206030311
202206030312
202206030401
202206030402
202206030403
202206030404
202206030405
202206030406
202206030407
202206030408
202206030409
202206030410
202206030411
202206030412
202206030501
202206030502
202206030503
202206030504
202206030505
202206030506
202206030507
202206030508
202206030509
202206030510
202206030511
202206030512
202206030601
202206030602
202206030603
202206030604
202206030605
202206030606
202206030607
202206030608
202206030609
202206030610
202206030611
202206030612
202206030701
202206030702
202206030703
202206030704
202206030705
202206030706
202206030707
202206030708
202206030709
202206030710
202206030711
202206030712
202206030801
202206030802
202206030803
202206030804
202206030805
202206030806
202206030807
202206030808
202206030809
202206030810
202206030811
202206030812
202209020301
202209020302
202209020303
202209020304
202209020305
202209020306
202209020307
202209020308
202209020309
202209020310
202209020311
202209020312
202209020401
202209020402
202209020403
202209020404
202209020405
202209020406
202209020407
202209020408
202209020409
202209020410
202209020411
202209020412
202209020501
202209020502
202209020503
202209020504
202209020505
202209020506
202209020507
202209020508
202209020509
202209020510
202209020511
202209020512
202209020601
202209020602
202209020603
202209020604
202209020605
202209020606
202209020607
202209020608
202209020609
202209020610
202209020611
202209020612
202209020701
202209020702
202209020703
202209020704
202209020705
202209020706
202209020707
202209020708
202209020709
202209020710
202209020711
202209020712
202209020801
202209020802
202209020803
202209020804
202209020805
202209020806
202209020807
202209020808
202209020809
202209020810
202209020811
202209020812
202209020901
202209020902
202209020903
202209020904
202209020905
202209020906
202209020907
202209020908
202209020909
202209020910
202209020911
202209020912
202209021001
202209021002
202209021003
202209021004
202209021005
202209021006
202209021007
202209021008
202209021009
202209021010
202209021011
202209021012
202209021101
202209021102
202209021103
202209021104
202209021105
202209021106
202209021107
202209021108
202209021109
202209021110
202209021111
202209021112
202236040301
202236040302
202236040303
202236040304
202236040305
202236040306
202236040307
202236040308
202236040309
202236040310
202236040311
202236041001
202236041002
202236041003
202236041004
202236041005
202236041006
202236041007
202236041008
202236041009
202236041010
202236041011
202236041701
202236041702
202236041703
202236041704
202236041705
202236041706
202236041707
202236041708
202236041709
202236041710
202236041711
202236042401
202236042402
202236042403
202236042404
202236042405
202236042406
202236042407
202236042408
202236042409
202236042410
202236042411
202246040301
202246040302
202246040303
202246040304
202246040305
202246040306
202246040307
202246040308
202246040309
202246040310
202246041001
202246041002
202246041003
202246041004
202246041005
202246041006
202246041007
202246041008
202246041009
202246041010
202246041701
202246041702
202246041703
202246041704
202246041705
202246041706
202246041707
202246041708
202246041709
202246041710
202246042401
202246042402
202246042403
202246042404
202246042405
202246042406
202246042407
202246042408
202246042409
202246042410
202246042411
202254040901
202254040902
202254040903
202254040904
202254040905
202254040906
202254040907
202254040908
202254040909
202254040910
202254040911
202254041001
202254041002
202254041003
202254041004
202254041005
202254041006
202254041007
202254041008
202254041009
202254041010
202254041011
202254041601
202254041602
202254041603
202254041604
202254041605
202254041606
202254041607
202254041608
202254041609
202254041610
202254041611
202254041701
202254041702
202254041703
202254041704
202254041705
202254041706
202254041707
202254041708
202254041709
202254041710
202254041711
202254042301
202254042302
202254042303
202254042304
202254042305
202254042306
202254042307
202254042308
202254042309
202254042310
202254042401
202254042402
202254042403
202254042404
202254042405
202254042406
202254042407
202254042408
202254042409
202254042410
202254042411
202254043001
202254043002
202254043003
202254043004
202254043005
202254043006
202254043007
202254043008
202254043009
202254043010
202255040201
202255040202
202255040203
202255040204
202255040205
202255040206
202255040207
202255040208
202255040209
202255040210
202255040211
202255040301
202255040302
202255040303
202255040304
202255040305
202255040306
202255040307
202255040308
202255040309
202255040310
202255040901
202255040902
202255040903
202255040904
202255040905
202255040906
202255040907
202255040908
202255040909
202255040910
202255040911
202255041001
202255041002
202255041003
202255041004
202255041005
202255041006
202255041007
202255041008
202255041009
202255041010
202255041601
202255041602
202255041603
202255041604
202255041605
202255041606
202255041607
202255041608
202255041609
202255041610
202255041611
202255041701
202255041702
202255041703
202255041704
202255041705
202255041706
202255041707
202255041708
202255041709
202255041710
202255042301
202255042302
202255042303
202255042304
202255042305
202255042306
202255042307
202255042308
202255042309
202255042310
202255042311
202255042401
202255042402
202255042403
202255042404
202255042405
202255042406
202255042407
202255042408
202255042409
202255042410
202255042411
202255043001
202255043002
202255043003
202255043004
202255043005
202255043006
202255043007
202255043008
202255043009
202255043010
202255043011
202265042301
202265042302
202265042303
202265042304
202265042305
202265042306
202265042307
202265042308
202265042309
202265042310
202265042311
202265042401
202265042402
202265042403
202265042404
202265042405
202265042406
202265042407
202265042408
202265042409
202265042410
202265042411
202265043001
202265043002
202265043003
202265043004
202265043005
202265043006
202265043007
202265043008
202265043009
202265043010
202265043011