202204040101
202204040102
202204040103
202204040104
202204040105
202204040106
202204040107
202204040108
202204040109
202204040110
202204040111
202204040112
202204040201
202204040202
202204040203
202204040204
202204040205
202204040206
202204040207
202204040208
202204040209
202204040210
202204040211
202204040212
202204040301
202204040302
202204040303
202204040304
202204040305
202204040306
202204040307
202204040308
202204040309
202204040310
202204040311
202204040312
202204040401
202204040402
202204040403
202204040404
202204040405
202204040406
202204040407
202204040408
202204040409
202204040410
202204040411
202204040412
202204040501
202204040502
202204040503
202204040504
202204040505
202204040506
202204040507
202204040508
202204040509
202204040510
202204040511
202204040512
202204040601
202204040602
202204040603
202204040604
202204040605
202204040606
202204040607
202204040608
202204040609
202204040610
202204040611
202204040612
202205040101
202205040102
202205040103
202205040104
202205040105
202205040106
202205040107
202205040108
202205040109
202205040110
202205040111
202205040112
202205040201
202205040202
202205040203
202205040204
202205040205
202205040206
202205040207
202205040208
202205040209
202205040210
202205040211
202205040212
202205040301
202205040302
202205040303
202205040304
202205040305
202205040306
202205040307
202205040308
202205040309
202205040310
202205040311
202205040312
202205040401
202205040402
202205040403
202205040404
202205040405
202205040406
202205040407
202205040408
202205040409
202205040410
202205040411
202205040412
202205040501
202205040502
202205040503
202205040504
202205040505
202205040506
202205040507
202205040508
202205040509
202205040510
202205040511
202205040512
202205040601
202205040602
202205040603
202205040604
202205040605
202205040606
202205040607
202205040608
202205040609
202205040610
202205040611
202205040612
202205040701
202205040702
202205040703
202205040704
202205040705
202205040706
202205040707
202205040708
202205040709
202205040710
202205040711
202205040712
202205040801
202205040802
202205040803
202205040804
202205040805
202205040806
202205040807
202205040808
202205040809
202205040810
202205040811
202205040812
202205040901
202205040902
202205040903
202205040904
202205040905
202205040906
202205040907
202205040908
202205040909
202205040910
202205040911
202205040912
202206040801
202206040802
202206040803
202206040804
202206040805
202206040806
202206040807
202206040808
202206040809
202206040810
202206040811
202206040812
202206040901
202206040902
202206040903
202206040904
202206040905
202206040906
202206040907
202206040908
202206040909
202206040910
202206040911
202206040912
202207050801
202207050802
202207050803
202207050804
202207050805
202207050806
202207050807
202207050808
202207050809
202207050810
202207050811
202207050812
202207050901
202207050902
202207050903
202207050904
202207050905
202207050906
202207050907
202207050908
202207050909
202207050910
202207050911
202207050912
202209040101
202209040102
202209040103
202209040104
202209040105
202209040106
202209040107
202209040108
202209040109
202209040110
202209040111
202209040112
202209040201
202209040202
202209040203
202209040204
202209040205
202209040206
202209040207
202209040208
202209040209
202209040210
202209040211
202209040212
202209040301
202209040302
202209040303
202209040304
202209040305
202209040306
202209040307
202209040308
202209040309
202209040310
202209040311
202209040312
202209040401
202209040402
202209040403
202209040404
202209040405
202209040406
202209040407
202209040408
202209040409
202209040410
202209040411
202209040412
202209040501
202209040502
202209040503
202209040504
202209040505
202209040506
202209040507
202209040508
202209040509
202209040510
202209040511
202209040512
202209040601
202209040602
202209040603
202209040604
202209040605
202209040606
202209040607
202209040608
202209040609
202209040610
202209040611
202209040612
202209040701
202209040702
202209040703
202209040704
202209040705
202209040706
202209040707
202209040708
202209040709
202209040710
202209040711
202209040712
202209040801
202209040802
202209040803
202209040804
202209040805
202209040806
202209040807
202209040808
202209040809
202209040810
202209040811
202209040812
202209040901
202209040902
202209040903
202209040904
202209040905
202209040906
202209040907
202209040908
202209040909
202209040910
202209040911
202209040912
202235100201
202235100202
202235100203
202235100204
202235100205
202235100206
202235100207
202235100208
202235100209
202235100210
202235100211
202235100901
202235100902
202235100903
202235100904
202235100905
202235100906
202235100907
202235100908
202235100909
202235100910
202235100911
202235101001
202235101002
202235101003
202235101004
202235101005
202235101006
202235101007
202235101008
202235101009
202235101010
202235101011
202235101012
202235101601
202235101602
202235101603
202235101604
202235101605
202235101606
202235101607
202235101608
202235101609
202235101610
202235101611
202235102301
202235102302
202235102303
202235102304
202235102305
202235102306
202235102307
202235102308
202235102309
202235102310
202235102311
202235103001
202235103002
202235103003
202235103004
202235103005
202235103006
202235103007
202235103008
202235103009
202235103010
202235103011
202235103012
202245101001
202245101002
202245101003
202245101004
202245101005
202245101006
202245101007
202245101008
202245101009
202245101010
202245101011
202245101012
202246100201
202246100202
202246100203
202246100204
202246100205
202246100206
202246100207
202246100208
202246100209
202246100210
202246100211
202246101001
202246101002
202246101003
202246101004
202246101005
202246101006
202246101007
202246101008
202246101009
202246101010
202246101011
202246101601
202246101602
202246101603
202246101604
202246101605
202246101606
202246101607
202246101608
202246101609
202246101610
202246101611
202246102301
202246102302
202246102303
202246102304
202246102305
202246102306
202246102307
202246102308
202246102309
202246102310
202246102311
202246103001
202246103002
202246103003
202246103004
202246103005
202246103006
202246103007
202246103008
202246103009
202246103010
202246103011
202254100101
202254100102
202254100103
202254100104
202254100105
202254100106
202254100107
202254100108
202254100109
202254100110
202254100111
202254100201
202254100202
202254100203
202254100204
202254100205
202254100206
202254100207
202254100208
202254100209
202254100210
202254100211
202254100212
202254100901
202254100902
202254100903
202254100904
202254100905
202254100906
202254100907
202254100908
202254100909
202254100910
202254100911
202254101001
202254101002
202254101003
202254101004
202254101005
202254101006
202254101007
202254101008
202254101009
202254101010
202254101011
202254101012
202254101501
202254101502
202254101503
202254101504
202254101505
202254101506
202254101507
202254101508
202254101509
202254101510
202254101511
202254101601
202254101602
202254101603
202254101604
202254101605
202254101606
202254101607
202254101608
202254101609
202254101610
202254101611
202254101612
202254102201
202254102202
202254102203
202254102204
202254102205
202254102206
202254102207
202254102208
202254102209
202254102210
202254102211
202254102301
202254102302
202254102303
202254102304
202254102305
202254102306
202254102307
202254102308
202254102309
202254102310
202254102311
202254102901
202254102902
202254102903
202254102904
202254102905
202254102906
202254102907
202254102908
202254102909
202254102910
202254102911
202254103001
202254103002
202254103003
202254103004
202254103005
202254103006
202254103007
202254103008
202254103009
202254103010
202254103011
202254103012
202255100201
202255100202
202255100203
202255100204
202255100205
202255100206
202255100207
202255100208
202255100209
202255100210
202255100211
202255100801
202255100802
202255100803
202255100804
202255100805
202255100806
202255100807
202255100808
202255100809
202255100810
202255100811
202255100901
202255100902
202255100903
202255100904
202255100905
202255100906
202255100907
202255100908
202255100909
202255100910
202255100911
202255101501
202255101502
202255101503
202255101504
202255101505
202255101506
202255101507
202255101508
202255101509
202255101510
202255101511
202255101601
202255101602
202255101603
202255101604
202255101605
202255101606
202255101607
202255101608
202255101609
202255101610
202255101611
202255102301
202255102302
202255102303
202255102304
202255102305
202255102306
202255102307
202255102308
202255102309
202255102310
202255102311
202255102901
202255102902
202255102903
202255102904
202255102905
202255102906
202255102907
202255102908
202255102909
202255102910
202255102911
202255103001
202255103002
202255103003
202255103004
202255103005
202255103006
202255103007
202255103008
202255103009
202255103010
202255103011
202265100101
202265100102
202265100103
202265100104
202265100105
202265100106
202265100107
202265100108
202265100109
202265100110
202265100111
202265100112
202265100201
202265100202
202265100203
202265100204
202265100205
202265100206
202265100207
202265100208
202265100209
202265100210
202265100211
202265100212
202265100801
202265100802
202265100803
202265100804
202265100805
202265100806
202265100807
202265100808
202265100809
202265100810
202265100811
202265100812
202265100901
202265100902
202265100903
202265100904
202265100905
202265100906
202265100907
202265100908
202265100909
202265100910
202265100911
202265100912
202265101001
202265101002
202265101003
202265101004
202265101005
202265101006
202265101007
202265101008
202265101009
202265101010
202265101011
202265101012
202265101501
202265101502
202265101503
202265101504
202265101505
202265101506
202265101507
202265101508
202265101509
202265101510
202265101511
202265101512
202265101601
202265101602
202265101603
202265101604
202265101605
202265101606
202265101607
202265101608
202265101609
202265101610
202265101611
202265101612
202265102201
202265102202
202265102203
202265102204
202265102205
202265102206
202265102207
202265102208
202265102209
202265102210
202265102211
202265102212
202265102301
202265102302
202265102303
202265102304
202265102305
202265102306
202265102307
202265102308
202265102309
202265102310
202265102311
202265102312
202265102901
202265102902
202265102903
202265102904
202265102905
202265102906
202265102907
202265102908
202265102909
202265102910
202265102911
202265102912
202265103001
202265103002
202265103003
202265103004
202265103005
202265103006
202265103007
202265103008
202265103009
202265103010
202265103011
202265103012