202201010101
202201010102
202201010103
202201010104
202201010105
202201010106
202201010107
202201010108
202201010109
202201010110
202201010111
202201010112
202201010201
202201010202
202201010203
202201010204
202201010205
202201010206
202201010207
202201010208
202201010209
202201010210
202201010211
202201010212
202201010301
202201010302
202201010303
202201010304
202201010305
202201010306
202201010307
202201010308
202201010309
202201010310
202201010311
202201010312
202201010401
202201010402
202201010403
202201010404
202201010405
202201010406
202201010407
202201010408
202201010409
202201010410
202201010411
202201010412
202202010701
202202010702
202202010703
202202010704
202202010705
202202010706
202202010707
202202010708
202202010709
202202010710
202202010711
202202010712
202202010801
202202010802
202202010803
202202010804
202202010805
202202010806
202202010807
202202010808
202202010809
202202010810
202202010811
202202010812
202202010901
202202010902
202202010903
202202010904
202202010905
202202010906
202202010907
202202010908
202202010909
202202010910
202202010911
202202010912
202202011001
202202011002
202202011003
202202011004
202202011005
202202011006
202202011007
202202011008
202202011009
202202011010
202202011011
202202011012
202202011101
202202011102
202202011103
202202011104
202202011105
202202011106
202202011107
202202011108
202202011109
202202011110
202202011111
202202011112
202202011201
202202011202
202202011203
202202011204
202202011205
202202011206
202202011207
202202011208
202202011209
202202011210
202202011211
202202011212
202203020101
202203020102
202203020103
202203020104
202203020105
202203020106
202203020107
202203020108
202203020109
202203020110
202203020111
202203020112
202203020201
202203020202
202203020203
202203020204
202203020205
202203020206
202203020207
202203020208
202203020209
202203020210
202203020211
202203020212
202203020301
202203020302
202203020303
202203020304
202203020305
202203020306
202203020307
202203020308
202203020309
202203020310
202203020311
202203020312
202203020401
202203020402
202203020403
202203020404
202203020405
202203020406
202203020407
202203020408
202203020409
202203020410
202203020411
202203020412
202203020501
202203020502
202203020503
202203020504
202203020505
202203020506
202203020507
202203020508
202203020509
202203020510
202203020511
202203020512
202203020601
202203020602
202203020603
202203020604
202203020605
202203020606
202203020607
202203020608
202203020609
202203020610
202203020611
202203020612
202203020701
202203020702
202203020703
202203020704
202203020705
202203020706
202203020707
202203020708
202203020709
202203020710
202203020711
202203020712
202203020801
202203020802
202203020803
202203020804
202203020805
202203020806
202203020807
202203020808
202203020809
202203020810
202203020811
202203020812
202204020101
202204020102
202204020103
202204020104
202204020105
202204020106
202204020107
202204020108
202204020109
202204020110
202204020111
202204020112
202204020201
202204020202
202204020203
202204020204
202204020205
202204020206
202204020207
202204020208
202204020209
202204020210
202204020211
202204020212
202210030101
202210030102
202210030103
202210030104
202210030105
202210030106
202210030107
202210030108
202210030109
202210030110
202210030111
202210030112
202210030201
202210030202
202210030203
202210030204
202210030205
202210030206
202210030207
202210030208
202210030209
202210030210
202210030211
202210030212
202210030301
202210030302
202210030303
202210030304
202210030305
202210030306
202210030307
202210030308
202210030309
202210030310
202210030311
202210030312
202210030401
202210030402
202210030403
202210030404
202210030405
202210030406
202210030407
202210030408
202210030409
202210030410
202210030411
202210030412
202210030501
202210030502
202210030503
202210030504
202210030505
202210030506
202210030507
202210030508
202210030509
202210030510
202210030511
202210030512
202210030601
202210030602
202210030603
202210030604
202210030605
202210030606
202210030607
202210030608
202210030609
202210030610
202210030611
202210030612
202210030701
202210030702
202210030703
202210030704
202210030705
202210030706
202210030707
202210030708
202210030709
202210030710
202210030711
202210030712
202210030801
202210030802
202210030803
202210030804
202210030805
202210030806
202210030807
202210030808
202210030809
202210030810
202210030811
202210030812
202235070301
202235070302
202235070303
202235070304
202235070305
202235070306
202235070307
202235070308
202235070309
202235070310
202235070311
202235071001
202235071002
202235071003
202235071004
202235071005
202235071006
202235071007
202235071008
202235071009
202235071010
202235071011
202235071701
202235071702
202235071703
202235071704
202235071705
202235071706
202235071707
202235071708
202235071709
202235071710
202235071711
202235072401
202235072402
202235072403
202235072404
202235072405
202235072406
202235072407
202235072408
202235072409
202235072410
202235072411
202235073101
202235073102
202235073103
202235073104
202235073105
202235073106
202235073107
202235073108
202235073109
202235073110
202235073111
202243072301
202243072302
202243072303
202243072304
202243072305
202243072306
202243072307
202243072308
202243072309
202243072310
202243072311
202243072312
202243072401
202243072402
202243072403
202243072404
202243072405
202243072406
202243072407
202243072408
202243072409
202243072410
202243072411
202243072412
202246070301
202246070302
202246070303
202246070304
202246070305
202246070306
202246070307
202246070308
202246070309
202246070310
202246070311
202246071001
202246071002
202246071003
202246071004
202246071005
202246071006
202246071007
202246071008
202246071009
202246071010
202246071011
202246072401
202246072402
202246072403
202246072404
202246072405
202246072406
202246072407
202246072408
202246072409
202246072410
202246073101
202246073102
202246073103
202246073104
202246073105
202246073106
202246073107
202246073108
202246073109
202246073110
202246073111
202254070201
202254070202
202254070203
202254070204
202254070205
202254070206
202254070207
202254070208
202254070209
202254070210
202254070211
202254070212
202254070301
202254070302
202254070303
202254070304
202254070305
202254070306
202254070307
202254070308
202254070309
202254070310
202254070311
202254070312
202254070901
202254070902
202254070903
202254070904
202254070905
202254070906
202254070907
202254070908
202254070909
202254070910
202254071001
202254071002
202254071003
202254071004
202254071005
202254071006
202254071007
202254071008
202254071009
202254071010
202254071011
202254071701
202254071702
202254071703
202254071704
202254071705
202254071706
202254071707
202254071708
202254071709
202254071710
202254071711
202254071712
202254072301
202254072302
202254072303
202254072304
202254072305
202254072306
202254072307
202254072308
202254072309
202254072310
202254072401
202254072402
202254072403
202254072404
202254072405
202254072406
202254072407
202254072408
202254072409
202254072410
202254073001
202254073002
202254073003
202254073004
202254073005
202254073006
202254073007
202254073008
202254073009
202254073010
202254073011
202254073012
202254073101
202254073102
202254073103
202254073104
202254073105
202254073106
202254073107
202254073108
202254073109
202254073110
202254073111
202254073112
202255070301
202255070302
202255070303
202255070304
202255070305
202255070306
202255070307
202255070308
202255070309
202255070310
202255070311
202255071001
202255071002
202255071003
202255071004
202255071005
202255071006
202255071007
202255071008
202255071009
202255071010
202255071011
202255071601
202255071602
202255071603
202255071604
202255071605
202255071606
202255071607
202255071608
202255071609
202255071610
202255071611
202255071701
202255071702
202255071703
202255071704
202255071705
202255071706
202255071707
202255071708
202255071709
202255071710
202255072301
202255072302
202255072303
202255072304
202255072305
202255072306
202255072307
202255072308
202255072309
202255072310
202255072311
202255072401
202255072402
202255072403
202255072404
202255072405
202255072406
202255072407
202255072408
202255072409
202255072410
202255072411
202255073001
202255073002
202255073003
202255073004
202255073005
202255073006
202255073007
202255073008
202255073009
202255073010
202255073011
202255073101
202255073102
202255073103
202255073104
202255073105
202255073106
202255073107
202255073108
202255073109
202255073110
202255073111
202265070201
202265070202
202265070203
202265070204
202265070205
202265070206
202265070207
202265070208
202265070209
202265070210
202265070211
202265070212
202265070301
202265070302
202265070303
202265070304
202265070305
202265070306
202265070307
202265070308
202265070309
202265070310
202265070311
202265070312
202265070901
202265070902
202265070903
202265070904
202265070905
202265070906
202265070907
202265070908
202265070909
202265070910
202265070911
202265070912
202265071001
202265071002
202265071003
202265071004
202265071005
202265071006
202265071007
202265071008
202265071009
202265071010
202265071011
202265071012
202265071601
202265071602
202265071603
202265071604
202265071605
202265071606
202265071607
202265071608
202265071609
202265071610
202265071611
202265071612
202265071701
202265071702
202265071703
202265071704
202265071705
202265071706
202265071707
202265071708
202265071709
202265071710
202265071711
202265071712
202265072301
202265072302
202265072303
202265072304
202265072305
202265072306
202265072307
202265072308
202265072309
202265072310
202265072311
202265072312
202265072401
202265072402
202265072403
202265072404
202265072405
202265072406
202265072407
202265072408
202265072409
202265072410
202265072411
202265072412
202265073001
202265073002
202265073003
202265073004
202265073005
202265073006
202265073007
202265073008
202265073009
202265073010
202265073011
202265073012
202265073101
202265073102
202265073103
202265073104
202265073105
202265073106
202265073107
202265073108
202265073109
202265073110
202265073111
202265073112