202206050101
202206050102
202206050103
202206050104
202206050105
202206050106
202206050107
202206050108
202206050109
202206050110
202206050111
202206050112
202206050201
202206050202
202206050203
202206050204
202206050205
202206050206
202206050207
202206050208
202206050209
202206050210
202206050211
202206050212
202206050301
202206050302
202206050303
202206050304
202206050305
202206050306
202206050307
202206050308
202206050309
202206050310
202206050311
202206050312
202206050401
202206050402
202206050403
202206050404
202206050405
202206050406
202206050407
202206050408
202206050409
202206050410
202206050411
202206050412
202206050501
202206050502
202206050503
202206050504
202206050505
202206050506
202206050507
202206050508
202206050509
202206050510
202206050511
202206050512
202206050601
202206050602
202206050603
202206050604
202206050605
202206050606
202206050607
202206050608
202206050609
202206050610
202206050611
202206050612
202206050701
202206050702
202206050703
202206050704
202206050705
202206050706
202206050707
202206050708
202206050709
202206050710
202206050711
202206050712
202206050801
202206050802
202206050803
202206050804
202206050805
202206050806
202206050807
202206050808
202206050809
202206050810
202206050811
202206050812
202206050901
202206050902
202206050903
202206050904
202206050905
202206050906
202206050907
202206050908
202206050909
202206050910
202206050911
202206050912
202207060101
202207060102
202207060103
202207060104
202207060105
202207060106
202207060107
202207060108
202207060109
202207060110
202207060111
202207060112
202207060201
202207060202
202207060203
202207060204
202207060205
202207060206
202207060207
202207060208
202207060209
202207060210
202207060211
202207060212
202207060301
202207060302
202207060303
202207060304
202207060305
202207060306
202207060307
202207060308
202207060309
202207060310
202207060311
202207060312
202207060401
202207060402
202207060403
202207060404
202207060405
202207060406
202207060407
202207060408
202207060409
202207060410
202207060411
202207060412
202207060501
202207060502
202207060503
202207060504
202207060505
202207060506
202207060507
202207060508
202207060509
202207060510
202207060511
202207060512
202207060601
202207060602
202207060603
202207060604
202207060605
202207060606
202207060607
202207060608
202207060609
202207060610
202207060611
202207060612
202209060101
202209060102
202209060103
202209060104
202209060105
202209060106
202209060107
202209060108
202209060109
202209060110
202209060111
202209060112
202209060201
202209060202
202209060203
202209060204
202209060205
202209060206
202209060207
202209060208
202209060209
202209060210
202209060211
202209060212
202209060301
202209060302
202209060303
202209060304
202209060305
202209060306
202209060307
202209060308
202209060309
202209060310
202209060311
202209060312
202209060401
202209060402
202209060403
202209060404
202209060405
202209060406
202209060407
202209060408
202209060409
202209060410
202209060411
202209060412
202209060501
202209060502
202209060503
202209060504
202209060505
202209060506
202209060507
202209060508
202209060509
202209060510
202209060511
202209060512
202209060601
202209060602
202209060603
202209060604
202209060605
202209060606
202209060607
202209060608
202209060609
202209060610
202209060611
202209060612
202209060701
202209060702
202209060703
202209060704
202209060705
202209060706
202209060707
202209060708
202209060709
202209060710
202209060711
202209060712
202209060801
202209060802
202209060803
202209060804
202209060805
202209060806
202209060807
202209060808
202209060809
202209060810
202209060811
202209060812
202209060901
202209060902
202209060903
202209060904
202209060905
202209060906
202209060907
202209060908
202209060909
202209060910
202209060911
202209060912
202236120401
202236120402
202236120403
202236120404
202236120405
202236120406
202236120407
202236120408
202236120409
202236120410
202236120411
202236121101
202236121102
202236121103
202236121104
202236121105
202236121106
202236121107
202236121108
202236121109
202236121110
202236121111
202236121801
202236121802
202236121803
202236121804
202236121805
202236121806
202236121807
202236121808
202236121809
202236121810
202236121811
202236122501
202236122502
202236122503
202236122504
202236122505
202236122506
202236122507
202236122508
202236122509
202236122510
202243121701
202243121702
202243121703
202243121704
202243121705
202243121706
202243121707
202243121708
202243121709
202243121710
202243121711
202243121712
202243121801
202243121802
202243121803
202243121804
202243121805
202243121806
202243121807
202243121808
202243121809
202243121810
202243121811
202243121812
202244122801
202244122802
202244122803
202244122804
202244122805
202244122806
202244122807
202244122808
202244122809
202244122810
202244122811
202244122812
202246121101
202246121102
202246121103
202246121104
202246121105
202246121106
202246121107
202246121108
202246121109
202246121110
202246122401
202246122402
202246122403
202246122404
202246122405
202246122406
202246122407
202246122408
202246122409
202246122410
202246122501
202246122502
202246122503
202246122504
202246122505
202246122506
202246122507
202246122508
202246122509
202246122510
202254120301
202254120302
202254120303
202254120304
202254120305
202254120306
202254120307
202254120308
202254120309
202254120310
202254120311
202254120401
202254120402
202254120403
202254120404
202254120405
202254120406
202254120407
202254120408
202254120409
202254120410
202254120411
202254120412
202254121001
202254121002
202254121003
202254121004
202254121005
202254121006
202254121007
202254121008
202254121009
202254121010
202254121011
202254121012
202254121101
202254121102
202254121103
202254121104
202254121105
202254121106
202254121107
202254121108
202254121109
202254121110
202254121111
202254121112
202254121701
202254121702
202254121703
202254121704
202254121705
202254121706
202254121707
202254121708
202254121709
202254121710
202254121711
202254121801
202254121802
202254121803
202254121804
202254121805
202254121806
202254121807
202254121808
202254121809
202254121810
202254121811
202254122801
202254122802
202254122803
202254122804
202254122805
202254122806
202254122807
202254122808
202254122809
202254122810
202254122811
202254122812
202255120301
202255120302
202255120303
202255120304
202255120305
202255120306
202255120307
202255120308
202255120309
202255120310
202255120311
202255120401
202255120402
202255120403
202255120404
202255120405
202255120406
202255120407
202255120408
202255120409
202255120410
202255120411
202255121001
202255121002
202255121003
202255121004
202255121005
202255121006
202255121007
202255121008
202255121009
202255121010
202255121011
202255121012
202255121701
202255121702
202255121703
202255121704
202255121705
202255121706
202255121707
202255121708
202255121709
202255121710
202255121711
202255121712
202255121801
202255121802
202255121803
202255121804
202255121805
202255121806
202255121807
202255121808
202255121809
202255121810
202255121811
202255122401
202255122402
202255122403
202255122404
202255122405
202255122406
202255122407
202255122408
202255122409
202255122410
202255122411
202255122501
202255122502
202255122503
202255122504
202255122505
202255122506
202255122507
202255122508
202255122509
202255122510
202255122511
202265120301
202265120302
202265120303
202265120304
202265120305
202265120306
202265120307
202265120308
202265120309
202265120310
202265120311
202265120312
202265120401
202265120402
202265120403
202265120404
202265120405
202265120406
202265120407
202265120408
202265120409
202265120410
202265120411
202265120412
202265121001
202265121002
202265121003
202265121004
202265121005
202265121006
202265121007
202265121008
202265121009
202265121010
202265121011
202265121012
202265121101
202265121102
202265121103
202265121104
202265121105
202265121106
202265121107
202265121108
202265121109
202265121110
202265121111
202265121112
202265121701
202265121702
202265121703
202265121704
202265121705
202265121706
202265121707
202265121708
202265121709
202265121710
202265121711
202265121712
202265121801
202265121802
202265121803
202265121804
202265121805
202265121806
202265121807
202265121808
202265121809
202265121810
202265121811
202265121812
202265122401
202265122402
202265122403
202265122404
202265122405
202265122406
202265122407
202265122408
202265122409
202265122410
202265122411
202265122412
202265122501
202265122502
202265122503
202265122504
202265122505
202265122506
202265122507
202265122508
202265122509
202265122510
202265122511
202265122512
202265122801
202265122802
202265122803
202265122804
202265122805
202265122806
202265122807
202265122808
202265122809
202265122810
202265122811
202265122812