202201010501
202201010502
202201010503
202201010504
202201010505
202201010506
202201010507
202201010508
202201010509
202201010510
202201010511
202201010512
202201010601
202201010602
202201010603
202201010604
202201010605
202201010606
202201010607
202201010608
202201010609
202201010610
202201010611
202201010612
202201020101
202201020102
202201020103
202201020104
202201020105
202201020106
202201020107
202201020108
202201020109
202201020110
202201020111
202201020112
202201020201
202201020202
202201020203
202201020204
202201020205
202201020206
202201020207
202201020208
202201020209
202201020210
202201020211
202201020212
202201020301
202201020302
202201020303
202201020304
202201020305
202201020306
202201020307
202201020308
202201020309
202201020310
202201020311
202201020312
202201020401
202201020402
202201020403
202201020404
202201020405
202201020406
202201020407
202201020408
202201020409
202201020410
202201020411
202201020412
202201020501
202201020502
202201020503
202201020504
202201020505
202201020506
202201020507
202201020508
202201020509
202201020510
202201020511
202201020512
202201020601
202201020602
202201020603
202201020604
202201020605
202201020606
202201020607
202201020608
202201020609
202201020610
202201020611
202201020612
202204020301
202204020302
202204020303
202204020304
202204020305
202204020306
202204020307
202204020308
202204020309
202204020310
202204020311
202204020312
202204020401
202204020402
202204020403
202204020404
202204020405
202204020406
202204020407
202204020408
202204020409
202204020410
202204020411
202204020412
202204030101
202204030102
202204030103
202204030104
202204030105
202204030106
202204030107
202204030108
202204030109
202204030110
202204030111
202204030112
202204030201
202204030202
202204030203
202204030204
202204030205
202204030206
202204030207
202204030208
202204030209
202204030210
202204030211
202204030212
202204030301
202204030302
202204030303
202204030304
202204030305
202204030306
202204030307
202204030308
202204030309
202204030310
202204030311
202204030312
202204030401
202204030402
202204030403
202204030404
202204030405
202204030406
202204030407
202204030408
202204030409
202204030410
202204030411
202204030412
202204030501
202204030502
202204030503
202204030504
202204030505
202204030506
202204030507
202204030508
202204030509
202204030510
202204030511
202204030512
202204030601
202204030602
202204030603
202204030604
202204030605
202204030606
202204030607
202204030608
202204030609
202204030610
202204030611
202204030612
202210040101
202210040102
202210040103
202210040104
202210040105
202210040106
202210040107
202210040108
202210040109
202210040110
202210040111
202210040112
202210040201
202210040202
202210040203
202210040204
202210040205
202210040206
202210040207
202210040208
202210040209
202210040210
202210040211
202210040212
202210040301
202210040302
202210040303
202210040304
202210040305
202210040306
202210040307
202210040308
202210040309
202210040310
202210040311
202210040312
202210040401
202210040402
202210040403
202210040404
202210040405
202210040406
202210040407
202210040408
202210040409
202210040410
202210040411
202210040412
202210040501
202210040502
202210040503
202210040504
202210040505
202210040506
202210040507
202210040508
202210040509
202210040510
202210040511
202210040512
202210040601
202210040602
202210040603
202210040604
202210040605
202210040606
202210040607
202210040608
202210040609
202210040610
202210040611
202210040612
202235080701
202235080702
202235080703
202235080704
202235080705
202235080706
202235080707
202235080708
202235080709
202235080710
202235080711
202235081401
202235081402
202235081403
202235081404
202235081405
202235081406
202235081407
202235081408
202235081409
202235081410
202235081411
202235082101
202235082102
202235082103
202235082104
202235082105
202235082106
202235082107
202235082108
202235082109
202235082110
202235082111
202235082801
202235082802
202235082803
202235082804
202235082805
202235082806
202235082807
202235082808
202235082809
202235082810
202235082811
202244081401
202244081402
202244081403
202244081404
202244081405
202244081406
202244081407
202244081408
202244081409
202244081410
202245082801
202245082802
202245082803
202245082804
202245082805
202245082806
202245082807
202245082808
202245082809
202245082810
202245082811
202245082812
202246080701
202246080702
202246080703
202246080704
202246080705
202246080706
202246080707
202246080708
202246080709
202246080710
202246080711
202246081401
202246081402
202246081403
202246081404
202246081405
202246081406
202246081407
202246081408
202246081409
202246081410
202246081411
202246082101
202246082102
202246082103
202246082104
202246082105
202246082106
202246082107
202246082108
202246082109
202246082801
202246082802
202246082803
202246082804
202246082805
202246082806
202246082807
202246082808
202246082809
202246082810
202246082811
202254080601
202254080602
202254080603
202254080604
202254080605
202254080606
202254080607
202254080608
202254080609
202254080610
202254080701
202254080702
202254080703
202254080704
202254080705
202254080706
202254080707
202254080708
202254080709
202254080710
202254082001
202254082002
202254082003
202254082004
202254082005
202254082006
202254082007
202254082008
202254082009
202254082010
202254082011
202254082012
202254082101
202254082102
202254082103
202254082104
202254082105
202254082106
202254082107
202254082108
202254082109
202254082110
202254082111
202254082112
202254082701
202254082702
202254082703
202254082704
202254082705
202254082706
202254082707
202254082708
202254082709
202254082710
202254082801
202254082802
202254082803
202254082804
202254082805
202254082806
202254082807
202254082808
202254082809
202254082810
202254082811
202255080601
202255080602
202255080603
202255080604
202255080605
202255080606
202255080607
202255080608
202255080609
202255080610
202255080611
202255080701
202255080702
202255080703
202255080704
202255080705
202255080706
202255080707
202255080708
202255080709
202255080710
202255080711
202255081301
202255081302
202255081303
202255081304
202255081305
202255081306
202255081307
202255081308
202255081309
202255081310
202255081311
202255082001
202255082002
202255082003
202255082004
202255082005
202255082006
202255082007
202255082008
202255082009
202255082010
202255082011
202255082101
202255082102
202255082103
202255082104
202255082105
202255082106
202255082107
202255082108
202255082109
202255082110
202255082701
202255082702
202255082703
202255082704
202255082705
202255082706
202255082707
202255082708
202255082709
202255082710
202255082711
202265080601
202265080602
202265080603
202265080604
202265080605
202265080606
202265080607
202265080608
202265080609
202265080610
202265080611
202265080612
202265080701
202265080702
202265080703
202265080704
202265080705
202265080706
202265080707
202265080708
202265080709
202265080710
202265080711
202265080712
202265081301
202265081302
202265081303
202265081304
202265081305
202265081306
202265081307
202265081308
202265081309
202265081310
202265081311
202265081312
202265081401
202265081402
202265081403
202265081404
202265081405
202265081406
202265081407
202265081408
202265081409
202265081410
202265081411
202265081412
202265082001
202265082002
202265082003
202265082004
202265082005
202265082006
202265082007
202265082008
202265082009
202265082010
202265082011
202265082012
202265082101
202265082102
202265082103
202265082104
202265082105
202265082106
202265082107
202265082108
202265082109
202265082110
202265082111
202265082112
202265082701
202265082702
202265082703
202265082704
202265082705
202265082706
202265082707
202265082708
202265082709
202265082710
202265082711
202265082712
202265082801
202265082802
202265082803
202265082804
202265082805
202265082806
202265082807
202265082808
202265082809
202265082810
202265082811
202265082812