202203010601
202203010602
202203010603
202203010604
202203010605
202203010606
202203010607
202203010608
202203010609
202203010610
202203010611
202203010612
202204010101
202204010102
202204010103
202204010104
202204010105
202204010106
202204010107
202204010108
202204010109
202204010110
202204010111
202204010112
202204010201
202204010202
202204010203
202204010204
202204010205
202204010206
202204010207
202204010208
202204010209
202204010210
202204010211
202204010212
202204010301
202204010302
202204010303
202204010304
202204010305
202204010306
202204010307
202204010308
202204010309
202204010310
202204010311
202204010312
202204010401
202204010402
202204010403
202204010404
202204010405
202204010406
202204010407
202204010408
202204010409
202204010410
202204010411
202204010412
202204010501
202204010502
202204010503
202204010504
202204010505
202204010506
202204010507
202204010508
202204010509
202204010510
202204010511
202204010512
202204010601
202204010602
202204010603
202204010604
202204010605
202204010606
202204010607
202204010608
202204010609
202204010610
202204010611
202204010612
202204010701
202204010702
202204010703
202204010704
202204010705
202204010706
202204010707
202204010708
202204010709
202204010710
202204010711
202204010712
202204010801
202204010802
202204010803
202204010804
202204010805
202204010806
202204010807
202204010808
202204010809
202204010810
202204010811
202204010812
202205020401
202205020402
202205020403
202205020404
202205020405
202205020406
202205020407
202205020408
202205020409
202205020410
202205020411
202205020412
202205020501
202205020502
202205020503
202205020504
202205020505
202205020506
202205020507
202205020508
202205020509
202205020510
202205020511
202205020512
202205020601
202205020602
202205020603
202205020604
202205020605
202205020606
202205020607
202205020608
202205020609
202205020610
202205020611
202205020612
202205020701
202205020702
202205020703
202205020704
202205020705
202205020706
202205020707
202205020708
202205020709
202205020710
202205020711
202205020712
202205020801
202205020802
202205020803
202205020804
202205020805
202205020806
202205020807
202205020808
202205020809
202205020810
202205020811
202205020812
202205020901
202205020902
202205020903
202205020904
202205020905
202205020906
202205020907
202205020908
202205020909
202205020910
202205020911
202205020912
202205021001
202205021002
202205021003
202205021004
202205021005
202205021006
202205021007
202205021008
202205021009
202205021010
202205021011
202205021012
202205021101
202205021102
202205021103
202205021104
202205021105
202205021106
202205021107
202205021108
202205021109
202205021110
202205021111
202205021112
202205021201
202205021202
202205021203
202205021204
202205021205
202205021206
202205021207
202205021208
202205021209
202205021210
202205021211
202205021212
202207030101
202207030102
202207030103
202207030104
202207030105
202207030106
202207030107
202207030108
202207030109
202207030110
202207030111
202207030112
202207030201
202207030202
202207030203
202207030204
202207030205
202207030206
202207030207
202207030208
202207030209
202207030210
202207030211
202207030212
202207030301
202207030302
202207030303
202207030304
202207030305
202207030306
202207030307
202207030308
202207030309
202207030310
202207030311
202207030312
202207030401
202207030402
202207030403
202207030404
202207030405
202207030406
202207030407
202207030408
202207030409
202207030410
202207030411
202207030412
202207030501
202207030502
202207030503
202207030504
202207030505
202207030506
202207030507
202207030508
202207030509
202207030510
202207030511
202207030512
202207030601
202207030602
202207030603
202207030604
202207030605
202207030606
202207030607
202207030608
202207030609
202207030610
202207030611
202207030612
202207030701
202207030702
202207030703
202207030704
202207030705
202207030706
202207030707
202207030708
202207030709
202207030710
202207030711
202207030712
202207030801
202207030802
202207030803
202207030804
202207030805
202207030806
202207030807
202207030808
202207030809
202207030810
202207030811
202207030812
202209021201
202209021202
202209021203
202209021204
202209021205
202209021206
202209021207
202209021208
202209021209
202209021210
202209021211
202209021212
202236050101
202236050102
202236050103
202236050104
202236050105
202236050106
202236050107
202236050108
202236050109
202236050110
202236050111
202236050801
202236050802
202236050803
202236050804
202236050805
202236050806
202236050807
202236050808
202236050809
202236050810
202236050811
202236051501
202236051502
202236051503
202236051504
202236051505
202236051506
202236051507
202236051508
202236051509
202236051510
202236051511
202236052201
202236052202
202236052203
202236052204
202236052205
202236052206
202236052207
202236052208
202236052209
202236052210
202236052211
202236052901
202236052902
202236052903
202236052904
202236052905
202236052906
202236052907
202236052908
202236052909
202236052910
202236052911
202246050101
202246050102
202246050103
202246050104
202246050105
202246050106
202246050107
202246050108
202246050109
202246050110
202246051501
202246051502
202246051503
202246051504
202246051505
202246051506
202246051507
202246051508
202246051509
202246051510
202246052201
202246052202
202246052203
202246052204
202246052205
202246052206
202246052207
202246052208
202246052209
202246052210
202246052211
202246052901
202246052902
202246052903
202246052904
202246052905
202246052906
202246052907
202246052908
202246052909
202246052910
202246052911
202254050101
202254050102
202254050103
202254050104
202254050105
202254050106
202254050107
202254050108
202254050109
202254050110
202254050111
202254050701
202254050702
202254050703
202254050704
202254050705
202254050706
202254050707
202254050708
202254050709
202254050710
202254050801
202254050802
202254050803
202254050804
202254050805
202254050806
202254050807
202254050808
202254050809
202254050810
202254051401
202254051402
202254051403
202254051404
202254051405
202254051406
202254051407
202254051408
202254051409
202254051410
202254051411
202254051501
202254051502
202254051503
202254051504
202254051505
202254051506
202254051507
202254051508
202254051509
202254051510
202254051511
202254051512
202254052101
202254052102
202254052103
202254052104
202254052105
202254052106
202254052107
202254052108
202254052109
202254052110
202254052201
202254052202
202254052203
202254052204
202254052205
202254052206
202254052207
202254052208
202254052209
202254052210
202254052211
202254052901
202254052902
202254052903
202254052904
202254052905
202254052906
202254052907
202254052908
202254052909
202254052910
202254052911
202255050101
202255050102
202255050103
202255050104
202255050105
202255050106
202255050107
202255050108
202255050109
202255050110
202255050701
202255050702
202255050703
202255050704
202255050705
202255050706
202255050707
202255050708
202255050709
202255050710
202255050711
202255050801
202255050802
202255050803
202255050804
202255050805
202255050806
202255050807
202255050808
202255050809
202255050810
202255050811
202255051401
202255051402
202255051403
202255051404
202255051405
202255051406
202255051407
202255051408
202255051409
202255051410
202255051411
202255051501
202255051502
202255051503
202255051504
202255051505
202255051506
202255051507
202255051508
202255051509
202255051510
202255052101
202255052102
202255052103
202255052104
202255052105
202255052106
202255052107
202255052108
202255052109
202255052110
202255052111
202255052201
202255052202
202255052203
202255052204
202255052205
202255052206
202255052207
202255052208
202255052209
202255052210
202255052211
202255052801
202255052802
202255052803
202255052804
202255052805
202255052806
202255052807
202255052808
202255052809
202255052810
202255052811
202255052901
202255052902
202255052903
202255052904
202255052905
202255052906
202255052907
202255052908
202255052909
202255052910
202255052911
202265050101
202265050102
202265050103
202265050104
202265050105
202265050106
202265050107
202265050108
202265050109
202265050110
202265050111
202265050701
202265050702
202265050703
202265050704
202265050705
202265050706
202265050707
202265050708
202265050709
202265050710
202265050711
202265050801
202265050802
202265050803
202265050804
202265050805
202265050806
202265050807
202265050808
202265050809
202265050810
202265050811
202265051401
202265051402
202265051403
202265051404
202265051405
202265051406
202265051407
202265051408
202265051409
202265051410
202265051411
202265051501
202265051502
202265051503
202265051504
202265051505
202265051506
202265051507
202265051508
202265051509
202265051510
202265051511
202265052101
202265052102
202265052103
202265052104
202265052105
202265052106
202265052107
202265052108
202265052109
202265052110
202265052111
202265052201
202265052202
202265052203
202265052204
202265052205
202265052206
202265052207
202265052208
202265052209
202265052210
202265052211
202265052801
202265052802
202265052803
202265052804
202265052805
202265052806
202265052807
202265052808
202265052809
202265052810
202265052811
202265052901
202265052902
202265052903
202265052904
202265052905
202265052906
202265052907
202265052908
202265052909
202265052910
202265052911