202206020301
202206020302
202206020303
202206020304
202206020305
202206020306
202206020307
202206020308
202206020309
202206020310
202206020311
202206020312
202206020401
202206020402
202206020403
202206020404
202206020405
202206020406
202206020407
202206020408
202206020409
202206020410
202206020411
202206020412
202206020501
202206020502
202206020503
202206020504
202206020505
202206020506
202206020507
202206020508
202206020509
202206020510
202206020511
202206020512
202206020601
202206020602
202206020603
202206020604
202206020605
202206020606
202206020607
202206020608
202206020609
202206020610
202206020611
202206020612
202206020701
202206020702
202206020703
202206020704
202206020705
202206020706
202206020707
202206020708
202206020709
202206020710
202206020711
202206020712
202206020801
202206020802
202206020803
202206020804
202206020805
202206020806
202206020807
202206020808
202206020809
202206020810
202206020811
202206020812
202206030101
202206030102
202206030103
202206030104
202206030105
202206030106
202206030107
202206030108
202206030109
202206030110
202206030111
202206030112
202206030201
202206030202
202206030203
202206030204
202206030205
202206030206
202206030207
202206030208
202206030209
202206030210
202206030211
202206030212
202207020101
202207020102
202207020103
202207020104
202207020105
202207020106
202207020107
202207020108
202207020109
202207020110
202207020111
202207020112
202207020201
202207020202
202207020203
202207020204
202207020205
202207020206
202207020207
202207020208
202207020209
202207020210
202207020211
202207020212
202207020301
202207020302
202207020303
202207020304
202207020305
202207020306
202207020307
202207020308
202207020309
202207020310
202207020311
202207020312
202207020401
202207020402
202207020403
202207020404
202207020405
202207020406
202207020407
202207020408
202207020409
202207020410
202207020411
202207020412
202207020501
202207020502
202207020503
202207020504
202207020505
202207020506
202207020507
202207020508
202207020509
202207020510
202207020511
202207020512
202207020601
202207020602
202207020603
202207020604
202207020605
202207020606
202207020607
202207020608
202207020609
202207020610
202207020611
202207020612
202209010701
202209010702
202209010703
202209010704
202209010705
202209010706
202209010707
202209010708
202209010709
202209010710
202209010711
202209010712
202209010801
202209010802
202209010803
202209010804
202209010805
202209010806
202209010807
202209010808
202209010809
202209010810
202209010811
202209010812
202209010901
202209010902
202209010903
202209010904
202209010905
202209010906
202209010907
202209010908
202209010909
202209010910
202209010911
202209010912
202209011001
202209011002
202209011003
202209011004
202209011005
202209011006
202209011007
202209011008
202209011009
202209011010
202209011011
202209011012
202209011101
202209011102
202209011103
202209011104
202209011105
202209011106
202209011107
202209011108
202209011109
202209011110
202209011111
202209011112
202209011201
202209011202
202209011203
202209011204
202209011205
202209011206
202209011207
202209011208
202209011209
202209011210
202209011211
202209011212
202209020101
202209020102
202209020103
202209020104
202209020105
202209020106
202209020107
202209020108
202209020109
202209020110
202209020111
202209020112
202209020201
202209020202
202209020203
202209020204
202209020205
202209020206
202209020207
202209020208
202209020209
202209020210
202209020211
202209020212
202236031201
202236031202
202236031203
202236031204
202236031205
202236031206
202236031207
202236031208
202236031209
202236031210
202236031301
202236031302
202236031303
202236031304
202236031305
202236031306
202236031307
202236031308
202236031309
202236031310
202236032001
202236032002
202236032003
202236032004
202236032005
202236032006
202236032007
202236032008
202236032009
202236032010
202236032011
202236032101
202236032102
202236032103
202236032104
202236032105
202236032106
202236032107
202236032108
202236032109
202236032110
202236032111
202236032701
202236032702
202236032703
202236032704
202236032705
202236032706
202236032707
202236032708
202236032709
202236032710
202236032711
202243032101
202243032102
202243032103
202243032104
202243032105
202243032106
202243032107
202243032108
202243032109
202243032110
202243032111
202243032112
202246031301
202246031302
202246031303
202246031304
202246031305
202246031306
202246031307
202246031308
202246031309
202246031310
202246031311
202246032001
202246032002
202246032003
202246032004
202246032005
202246032006
202246032007
202246032008
202246032009
202246032010
202246032701
202246032702
202246032703
202246032704
202246032705
202246032706
202246032707
202246032708
202246032709
202246032710
202254030601
202254030602
202254030603
202254030604
202254030605
202254030606
202254030607
202254030608
202254030609
202254030610
202254031301
202254031302
202254031303
202254031304
202254031305
202254031306
202254031307
202254031308
202254031309
202254032001
202254032002
202254032003
202254032004
202254032005
202254032006
202254032007
202254032008
202254032009
202254032101
202254032102
202254032103
202254032104
202254032105
202254032106
202254032107
202254032108
202254032109
202254032110
202254032701
202254032702
202254032703
202254032704
202254032705
202254032706
202254032707
202254032708
202254032709
202254032710
202255030501
202255030502
202255030503
202255030504
202255030505
202255030506
202255030507
202255030508
202255030509
202255030510
202255030511
202255030601
202255030602
202255030603
202255030604
202255030605
202255030606
202255030607
202255030608
202255030609
202255030610
202255030611
202255031201
202255031202
202255031203
202255031204
202255031205
202255031206
202255031207
202255031208
202255031209
202255031210
202255031211
202255031301
202255031302
202255031303
202255031304
202255031305
202255031306
202255031307
202255031308
202255031309
202255031310
202255031311
202255031901
202255031902
202255031903
202255031904
202255031905
202255031906
202255031907
202255031908
202255031909
202255031910
202255031911
202255032001
202255032002
202255032003
202255032004
202255032005
202255032006
202255032007
202255032008
202255032009
202255032010
202255032601
202255032602
202255032603
202255032604
202255032605
202255032606
202255032607
202255032608
202255032609
202255032610
202255032611
202255032612
202255032701
202255032702
202255032703
202255032704
202255032705
202255032706
202255032707
202255032708
202255032709
202255032710
202265030501
202265030502
202265030503
202265030504
202265030505
202265030506
202265030507
202265030508
202265030509
202265030510
202265030511
202265030601
202265030602
202265030603
202265030604
202265030605
202265030606
202265030607
202265030608
202265030609
202265030610
202265030611
202265030612
202265031201
202265031202
202265031203
202265031204
202265031205
202265031206
202265031207
202265031208
202265031209
202265031210
202265031211
202265031301
202265031302
202265031303
202265031304
202265031305
202265031306
202265031307
202265031308
202265031309
202265031310
202265031311
202265031312
202265031901
202265031902
202265031903
202265031904
202265031905
202265031906
202265031907
202265031908
202265031909
202265031910
202265031911
202265031912
202265032001
202265032002
202265032003
202265032004
202265032005
202265032006
202265032007
202265032008
202265032009
202265032010
202265032011