202205010301
202205010302
202205010303
202205010304
202205010305
202205010306
202205010307
202205010308
202205010309
202205010310
202205010311
202205010312
202205010401
202205010402
202205010403
202205010404
202205010405
202205010406
202205010407
202205010408
202205010409
202205010410
202205010411
202205010412
202205010501
202205010502
202205010503
202205010504
202205010505
202205010506
202205010507
202205010508
202205010509
202205010510
202205010511
202205010512
202205010601
202205010602
202205010603
202205010604
202205010605
202205010606
202205010607
202205010608
202205010609
202205010610
202205010611
202205010612
202205010701
202205010702
202205010703
202205010704
202205010705
202205010706
202205010707
202205010708
202205010709
202205010710
202205010711
202205010712
202205010801
202205010802
202205010803
202205010804
202205010805
202205010806
202205010807
202205010808
202205010809
202205010810
202205010811
202205010812
202206020101
202206020102
202206020103
202206020104
202206020105
202206020106
202206020107
202206020108
202206020109
202206020110
202206020111
202206020112
202206020201
202206020202
202206020203
202206020204
202206020205
202206020206
202206020207
202206020208
202206020209
202206020210
202206020211
202206020212
202207011101
202207011102
202207011103
202207011104
202207011105
202207011106
202207011107
202207011108
202207011109
202207011110
202207011111
202207011112
202207011201
202207011202
202207011203
202207011204
202207011205
202207011206
202207011207
202207011208
202207011209
202207011210
202207011211
202207011212
202209010101
202209010102
202209010103
202209010104
202209010105
202209010106
202209010107
202209010108
202209010109
202209010110
202209010111
202209010112
202209010201
202209010202
202209010203
202209010204
202209010205
202209010206
202209010207
202209010208
202209010209
202209010210
202209010211
202209010212
202209010301
202209010302
202209010303
202209010304
202209010305
202209010306
202209010307
202209010308
202209010309
202209010310
202209010311
202209010312
202209010401
202209010402
202209010403
202209010404
202209010405
202209010406
202209010407
202209010408
202209010409
202209010410
202209010411
202209010412
202209010501
202209010502
202209010503
202209010504
202209010505
202209010506
202209010507
202209010508
202209010509
202209010510
202209010511
202209010512
202209010601
202209010602
202209010603
202209010604
202209010605
202209010606
202209010607
202209010608
202209010609
202209010610
202209010611
202209010612
202210010701
202210010702
202210010703
202210010704
202210010705
202210010706
202210010707
202210010708
202210010709
202210010710
202210010711
202210010712
202210010801
202210010802
202210010803
202210010804
202210010805
202210010806
202210010807
202210010808
202210010809
202210010810
202210010811
202210010812
202210020101
202210020102
202210020103
202210020104
202210020105
202210020106
202210020107
202210020108
202210020109
202210020110
202210020111
202210020112
202210020201
202210020202
202210020203
202210020204
202210020205
202210020206
202210020207
202210020208
202210020209
202210020210
202210020211
202210020212
202210020301
202210020302
202210020303
202210020304
202210020305
202210020306
202210020307
202210020308
202210020309
202210020310
202210020311
202210020312
202210020401
202210020402
202210020403
202210020404
202210020405
202210020406
202210020407
202210020408
202210020409
202210020410
202210020411
202210020412
202210020501
202210020502
202210020503
202210020504
202210020505
202210020506
202210020507
202210020508
202210020509
202210020510
202210020511
202210020512
202210020601
202210020602
202210020603
202210020604
202210020605
202210020606
202210020607
202210020608
202210020609
202210020610
202210020611
202210020612
202254020601
202254020602
202254020603
202254020604
202254020605
202254020606
202254020607
202254020608
202254020609
202254020610
202254020611
202254021301
202254021302
202254021303
202254021304
202254021305
202254021306
202254021307
202254021308
202254021309
202254021310
202254022001
202254022002
202254022003
202254022004
202254022005
202254022006
202254022007
202254022008
202254022009
202254022010
202254022011
202254022701
202254022702
202254022703
202254022704
202254022705
202254022706
202254022707
202254022708
202254022709
202254022710
202255020501
202255020502
202255020503
202255020504
202255020505
202255020506
202255020507
202255020508
202255020509
202255020510
202255020511
202255020601
202255020602
202255020603
202255020604
202255020605
202255020606
202255020607
202255020608
202255020609
202255020610
202255020611
202255021201
202255021202
202255021203
202255021204
202255021205
202255021206
202255021207
202255021208
202255021209
202255021210
202255021211
202255021301
202255021302
202255021303
202255021304
202255021305
202255021306
202255021307
202255021308
202255021309
202255021310
202255021311
202255021901
202255021902
202255021903
202255021904
202255021905
202255021906
202255021907
202255021908
202255021909
202255021910
202255021911
202255022001
202255022002
202255022003
202255022004
202255022005
202255022006
202255022007
202255022008
202255022009
202255022010
202255022011
202255022601
202255022602
202255022603
202255022604
202255022605
202255022606
202255022607
202255022608
202255022609
202255022610
202255022611
202255022701
202255022702
202255022703
202255022704
202255022705
202255022706
202255022707
202255022708
202255022709
202255022710
202255022711
202265020501
202265020502
202265020503
202265020504
202265020505
202265020506
202265020507
202265020508
202265020509
202265020510
202265020511
202265020601
202265020602
202265020603
202265020604
202265020605
202265020606
202265020607
202265020608
202265020609
202265020610
202265020611
202265020612
202265021201
202265021202
202265021203
202265021204
202265021205
202265021206
202265021207
202265021208
202265021209
202265021210
202265021211
202265021301
202265021302
202265021303
202265021304
202265021305
202265021306
202265021307
202265021308
202265021309
202265021310
202265021311
202265021312
202265021901
202265021902
202265021903
202265021904
202265021905
202265021906
202265021907
202265021908
202265021909
202265021910
202265021911
202265022001
202265022002
202265022003
202265022004
202265022005
202265022006
202265022007
202265022008
202265022009
202265022010
202265022011
202265022012
202265022601
202265022602
202265022603
202265022604
202265022605
202265022606
202265022607
202265022608
202265022609
202265022610
202265022611
202265022701
202265022702
202265022703
202265022704
202265022705
202265022706
202265022707
202265022708
202265022709
202265022710
202265022711
202265022712