202203030101
202203030102
202203030103
202203030104
202203030105
202203030106
202203030107
202203030108
202203030109
202203030110
202203030111
202203030112
202203030201
202203030202
202203030203
202203030204
202203030205
202203030206
202203030207
202203030208
202203030209
202203030210
202203030211
202203030212
202203030301
202203030302
202203030303
202203030304
202203030305
202203030306
202203030307
202203030308
202203030309
202203030310
202203030311
202203030312
202203030401
202203030402
202203030403
202203030404
202203030405
202203030406
202203030407
202203030408
202203030409
202203030410
202203030411
202203030412
202203030501
202203030502
202203030503
202203030504
202203030505
202203030506
202203030507
202203030508
202203030509
202203030510
202203030511
202203030512
202203030601
202203030602
202203030603
202203030604
202203030605
202203030606
202203030607
202203030608
202203030609
202203030610
202203030611
202203030612
202205050101
202205050102
202205050103
202205050104
202205050105
202205050106
202205050107
202205050108
202205050109
202205050110
202205050111
202205050112
202205050201
202205050202
202205050203
202205050204
202205050205
202205050206
202205050207
202205050208
202205050209
202205050210
202205050211
202205050212
202205050301
202205050302
202205050303
202205050304
202205050305
202205050306
202205050307
202205050308
202205050309
202205050310
202205050311
202205050312
202205050401
202205050402
202205050403
202205050404
202205050405
202205050406
202205050407
202205050408
202205050409
202205050410
202205050411
202205050412
202205050501
202205050502
202205050503
202205050504
202205050505
202205050506
202205050507
202205050508
202205050509
202205050510
202205050511
202205050512
202205050601
202205050602
202205050603
202205050604
202205050605
202205050606
202205050607
202205050608
202205050609
202205050610
202205050611
202205050612
202205050701
202205050702
202205050703
202205050704
202205050705
202205050706
202205050707
202205050708
202205050709
202205050710
202205050711
202205050712
202205050801
202205050802
202205050803
202205050804
202205050805
202205050806
202205050807
202205050808
202205050809
202205050810
202205050811
202205050812
202209050101
202209050102
202209050103
202209050104
202209050105
202209050106
202209050107
202209050108
202209050109
202209050110
202209050111
202209050112
202209050201
202209050202
202209050203
202209050204
202209050205
202209050206
202209050207
202209050208
202209050209
202209050210
202209050211
202209050212
202209050301
202209050302
202209050303
202209050304
202209050305
202209050306
202209050307
202209050308
202209050309
202209050310
202209050311
202209050312
202209050401
202209050402
202209050403
202209050404
202209050405
202209050406
202209050407
202209050408
202209050409
202209050410
202209050411
202209050412
202209050501
202209050502
202209050503
202209050504
202209050505
202209050506
202209050507
202209050508
202209050509
202209050510
202209050511
202209050512
202209050601
202209050602
202209050603
202209050604
202209050605
202209050606
202209050607
202209050608
202209050609
202209050610
202209050611
202209050612
202209050701
202209050702
202209050703
202209050704
202209050705
202209050706
202209050707
202209050708
202209050709
202209050710
202209050711
202209050712
202209050801
202209050802
202209050803
202209050804
202209050805
202209050806
202209050807
202209050808
202209050809
202209050810
202209050811
202209050812
202235110601
202235110602
202235110603
202235110604
202235110605
202235110606
202235110607
202235110608
202235110609
202235110610
202235110611
202235111301
202235111302
202235111303
202235111304
202235111305
202235111306
202235111307
202235111308
202235111309
202235111310
202235111311
202235112001
202235112002
202235112003
202235112004
202235112005
202235112006
202235112007
202235112008
202235112009
202235112010
202235112011
202236112701
202236112702
202236112703
202236112704
202236112705
202236112706
202236112707
202236112708
202236112709
202236112710
202236112711
202246111301
202246111302
202246111303
202246111304
202246111305
202246111306
202246111307
202246111308
202246111309
202246111310
202246111311
202246112001
202246112002
202246112003
202246112004
202246112005
202246112006
202246112007
202246112008
202246112009
202246112701
202246112702
202246112703
202246112704
202246112705
202246112706
202246112707
202246112708
202246112709
202246112710
202254110501
202254110502
202254110503
202254110504
202254110505
202254110506
202254110507
202254110508
202254110509
202254110510
202254110511
202254110601
202254110602
202254110603
202254110604
202254110605
202254110606
202254110607
202254110608
202254110609
202254110610
202254110611
202254110612
202254111201
202254111202
202254111203
202254111204
202254111205
202254111206
202254111207
202254111208
202254111209
202254111210
202254111211
202254111212
202254111301
202254111302
202254111303
202254111304
202254111305
202254111306
202254111307
202254111308
202254111309
202254111310
202254111311
202254111312
202254111901
202254111902
202254111903
202254111904
202254111905
202254111906
202254111907
202254111908
202254111909
202254111910
202254111911
202254112001
202254112002
202254112003
202254112004
202254112005
202254112006
202254112007
202254112008
202254112009
202254112010
202254112011
202254112012
202254112601
202254112602
202254112603
202254112604
202254112605
202254112606
202254112607
202254112608
202254112609
202254112610
202254112611
202254112612
202254112701
202254112702
202254112703
202254112704
202254112705
202254112706
202254112707
202254112708
202254112709
202254112710
202254112711
202254112712
202255110501
202255110502
202255110503
202255110504
202255110505
202255110506
202255110507
202255110508
202255110509
202255110510
202255110511
202255110601
202255110602
202255110603
202255110604
202255110605
202255110606
202255110607
202255110608
202255110609
202255110610
202255110611
202255111201
202255111202
202255111203
202255111204
202255111205
202255111206
202255111207
202255111208
202255111209
202255111210
202255111211
202255111301
202255111302
202255111303
202255111304
202255111305
202255111306
202255111307
202255111308
202255111309
202255111310
202255111311
202255112001
202255112002
202255112003
202255112004
202255112005
202255112006
202255112007
202255112008
202255112009
202255112010
202255112011
202255112601
202255112602
202255112603
202255112604
202255112605
202255112606
202255112607
202255112608
202255112609
202255112610
202255112611
202265110501
202265110502
202265110503
202265110504
202265110505
202265110506
202265110507
202265110508
202265110509
202265110510
202265110511
202265110512
202265110601
202265110602
202265110603
202265110604
202265110605
202265110606
202265110607
202265110608
202265110609
202265110610
202265110611
202265110612
202265111201
202265111202
202265111203
202265111204
202265111205
202265111206
202265111207
202265111208
202265111209
202265111210
202265111211
202265111212
202265111301
202265111302
202265111303
202265111304
202265111305
202265111306
202265111307
202265111308
202265111309
202265111310
202265111311
202265111312
202265111901
202265111902
202265111903
202265111904
202265111905
202265111906
202265111907
202265111908
202265111909
202265111910
202265111911
202265111912
202265112001
202265112002
202265112003
202265112004
202265112005
202265112006
202265112007
202265112008
202265112009
202265112010
202265112011
202265112012
202265112601
202265112602
202265112603
202265112604
202265112605
202265112606
202265112607
202265112608
202265112609
202265112610
202265112611
202265112612
202265112701
202265112702
202265112703
202265112704
202265112705
202265112706
202265112707
202265112708
202265112709
202265112710
202265112711
202265112712