202202010101
202202010102
202202010103
202202010104
202202010105
202202010106
202202010107
202202010108
202202010109
202202010110
202202010111
202202010112
202202010201
202202010202
202202010203
202202010204
202202010205
202202010206
202202010207
202202010208
202202010209
202202010210
202202010211
202202010212
202202010301
202202010302
202202010303
202202010304
202202010305
202202010306
202202010307
202202010308
202202010309
202202010310
202202010311
202202010312
202202010401
202202010402
202202010403
202202010404
202202010405
202202010406
202202010407
202202010408
202202010409
202202010410
202202010411
202202010412
202202010501
202202010502
202202010503
202202010504
202202010505
202202010506
202202010507
202202010508
202202010509
202202010510
202202010511
202202010512
202202010601
202202010602
202202010603
202202010604
202202010605
202202010606
202202010607
202202010608
202202010609
202202010610
202202010611
202202010612
202205030101
202205030102
202205030103
202205030104
202205030105
202205030106
202205030107
202205030108
202205030109
202205030110
202205030111
202205030112
202205030201
202205030202
202205030203
202205030204
202205030205
202205030206
202205030207
202205030208
202205030209
202205030210
202205030211
202205030212
202205030301
202205030302
202205030303
202205030304
202205030305
202205030306
202205030307
202205030308
202205030309
202205030310
202205030311
202205030312
202205030401
202205030402
202205030403
202205030404
202205030405
202205030406
202205030407
202205030408
202205030409
202205030410
202205030411
202205030412
202205030501
202205030502
202205030503
202205030504
202205030505
202205030506
202205030507
202205030508
202205030509
202205030510
202205030511
202205030512
202205030601
202205030602
202205030603
202205030604
202205030605
202205030606
202205030607
202205030608
202205030609
202205030610
202205030611
202205030612
202205030701
202205030702
202205030703
202205030704
202205030705
202205030706
202205030707
202205030708
202205030709
202205030710
202205030711
202205030712
202205030801
202205030802
202205030803
202205030804
202205030805
202205030806
202205030807
202205030808
202205030809
202205030810
202205030811
202205030812
202207040101
202207040102
202207040103
202207040104
202207040105
202207040106
202207040107
202207040108
202207040109
202207040110
202207040111
202207040112
202207040201
202207040202
202207040203
202207040204
202207040205
202207040206
202207040207
202207040208
202207040209
202207040210
202207040211
202207040212
202207040301
202207040302
202207040303
202207040304
202207040305
202207040306
202207040307
202207040308
202207040309
202207040310
202207040311
202207040312
202207040401
202207040402
202207040403
202207040404
202207040405
202207040406
202207040407
202207040408
202207040409
202207040410
202207040411
202207040412
202209030101
202209030102
202209030103
202209030104
202209030105
202209030106
202209030107
202209030108
202209030109
202209030110
202209030111
202209030112
202209030201
202209030202
202209030203
202209030204
202209030205
202209030206
202209030207
202209030208
202209030209
202209030210
202209030211
202209030212
202209030301
202209030302
202209030303
202209030304
202209030305
202209030306
202209030307
202209030308
202209030309
202209030310
202209030311
202209030312
202209030401
202209030402
202209030403
202209030404
202209030405
202209030406
202209030407
202209030408
202209030409
202209030410
202209030411
202209030412
202235062601
202235062602
202235062603
202235062604
202235062605
202235062606
202235062607
202235062608
202235062609
202235062610
202235062611
202236060501
202236060502
202236060503
202236060504
202236060505
202236060506
202236060507
202236060508
202236060509
202236060510
202236060511
202236060512
202236061201
202236061202
202236061203
202236061204
202236061205
202236061206
202236061207
202236061208
202236061209
202236061210
202236061211
202236061901
202236061902
202236061903
202236061904
202236061905
202236061906
202236061907
202236061908
202236061909
202236061910
202236061911
202246060501
202246060502
202246060503
202246060504
202246060505
202246060506
202246060507
202246060508
202246060509
202246060510
202246060511
202246061201
202246061202
202246061203
202246061204
202246061205
202246061206
202246061207
202246061208
202246061209
202246061210
202246061211
202246061901
202246061902
202246061903
202246061904
202246061905
202246061906
202246061907
202246061908
202246061909
202246061910
202246061911
202246062601
202246062602
202246062603
202246062604
202246062605
202246062606
202246062607
202246062608
202246062609
202246062610
202246062611
202254061101
202254061102
202254061103
202254061104
202254061105
202254061106
202254061107
202254061108
202254061109
202254061110
202254061111
202254061201
202254061202
202254061203
202254061204
202254061205
202254061206
202254061207
202254061208
202254061209
202254061210
202254061211
202254061212
202254061801
202254061802
202254061803
202254061804
202254061805
202254061806
202254061807
202254061808
202254061809
202254061810
202254061811
202254061812
202254061901
202254061902
202254061903
202254061904
202254061905
202254061906
202254061907
202254061908
202254061909
202254061910
202254061911
202254061912
202254062501
202254062502
202254062503
202254062504
202254062505
202254062506
202254062507
202254062508
202254062509
202254062510
202254062601
202254062602
202254062603
202254062604
202254062605
202254062606
202254062607
202254062608
202254062609
202254062610
202254062611
202255060401
202255060402
202255060403
202255060404
202255060405
202255060406
202255060407
202255060408
202255060409
202255060410
202255060411
202255060501
202255060502
202255060503
202255060504
202255060505
202255060506
202255060507
202255060508
202255060509
202255060510
202255060511
202255061101
202255061102
202255061103
202255061104
202255061105
202255061106
202255061107
202255061108
202255061109
202255061110
202255061111
202255061201
202255061202
202255061203
202255061204
202255061205
202255061206
202255061207
202255061208
202255061209
202255061210
202255061801
202255061802
202255061803
202255061804
202255061805
202255061806
202255061807
202255061808
202255061809
202255061810
202255061811
202255061901
202255061902
202255061903
202255061904
202255061905
202255061906
202255061907
202255061908
202255061909
202255061910
202255061911
202255062501
202255062502
202255062503
202255062504
202255062505
202255062506
202255062507
202255062508
202255062509
202255062510
202255062511
202255062601
202255062602
202255062603
202255062604
202255062605
202255062606
202255062607
202255062608
202255062609
202255062610
202255062611
202265060401
202265060402
202265060403
202265060404
202265060405
202265060406
202265060407
202265060408
202265060409
202265060410
202265060411
202265060501
202265060502
202265060503
202265060504
202265060505
202265060506
202265060507
202265060508
202265060509
202265060510
202265060511
202265061101
202265061102
202265061103
202265061104
202265061105
202265061106
202265061107
202265061108
202265061109
202265061110
202265061111
202265061201
202265061202
202265061203
202265061204
202265061205
202265061206
202265061207
202265061208
202265061209
202265061210
202265061211
202265061212
202265061801
202265061802
202265061803
202265061804
202265061805
202265061806
202265061807
202265061808
202265061809
202265061810
202265061811
202265061901
202265061902
202265061903
202265061904
202265061905
202265061906
202265061907
202265061908
202265061909
202265061910
202265061911
202265061912
202265062501
202265062502
202265062503
202265062504
202265062505
202265062506
202265062507
202265062508
202265062509
202265062510
202265062511
202265062512
202265062601
202265062602
202265062603
202265062604
202265062605
202265062606
202265062607
202265062608
202265062609
202265062610
202265062611
202265062612