202205010101
202205010102
202205010103
202205010104
202205010105
202205010106
202205010107
202205010108
202205010109
202205010110
202205010111
202205010112
202205010201
202205010202
202205010203
202205010204
202205010205
202205010206
202205010207
202205010208
202205010209
202205010210
202205010211
202205010212
202206010101
202206010102
202206010103
202206010104
202206010105
202206010106
202206010107
202206010108
202206010109
202206010110
202206010111
202206010112
202206010201
202206010202
202206010203
202206010204
202206010205
202206010206
202206010207
202206010208
202206010209
202206010210
202206010211
202206010212
202206010301
202206010302
202206010303
202206010304
202206010305
202206010306
202206010307
202206010308
202206010309
202206010310
202206010311
202206010312
202206010401
202206010402
202206010403
202206010404
202206010405
202206010406
202206010407
202206010408
202206010409
202206010410
202206010411
202206010412
202206010501
202206010502
202206010503
202206010504
202206010505
202206010506
202206010507
202206010508
202206010509
202206010510
202206010511
202206010512
202206010601
202206010602
202206010603
202206010604
202206010605
202206010606
202206010607
202206010608
202206010609
202206010610
202206010611
202206010612
202206010701
202206010702
202206010703
202206010704
202206010705
202206010706
202206010707
202206010708
202206010709
202206010710
202206010711
202206010712
202206010801
202206010802
202206010803
202206010804
202206010805
202206010806
202206010807
202206010808
202206010809
202206010810
202206010811
202206010812
202207010101
202207010102
202207010103
202207010104
202207010105
202207010106
202207010107
202207010108
202207010109
202207010110
202207010111
202207010112
202207010201
202207010202
202207010203
202207010204
202207010205
202207010206
202207010207
202207010208
202207010209
202207010210
202207010211
202207010212
202207010301
202207010302
202207010303
202207010304
202207010305
202207010306
202207010307
202207010308
202207010309
202207010310
202207010311
202207010312
202207010401
202207010402
202207010403
202207010404
202207010405
202207010406
202207010407
202207010408
202207010409
202207010410
202207010411
202207010412
202207010501
202207010502
202207010503
202207010504
202207010505
202207010506
202207010507
202207010508
202207010509
202207010510
202207010511
202207010512
202207010601
202207010602
202207010603
202207010604
202207010605
202207010606
202207010607
202207010608
202207010609
202207010610
202207010611
202207010612
202207010701
202207010702
202207010703
202207010704
202207010705
202207010706
202207010707
202207010708
202207010709
202207010710
202207010711
202207010712
202207010801
202207010802
202207010803
202207010804
202207010805
202207010806
202207010807
202207010808
202207010809
202207010810
202207010811
202207010812
202207010901
202207010902
202207010903
202207010904
202207010905
202207010906
202207010907
202207010908
202207010909
202207010910
202207010911
202207010912
202207011001
202207011002
202207011003
202207011004
202207011005
202207011006
202207011007
202207011008
202207011009
202207011010
202207011011
202207011012
202210010101
202210010102
202210010103
202210010104
202210010105
202210010106
202210010107
202210010108
202210010109
202210010110
202210010111
202210010112
202210010201
202210010202
202210010203
202210010204
202210010205
202210010206
202210010207
202210010208
202210010209
202210010210
202210010211
202210010212
202210010301
202210010302
202210010303
202210010304
202210010305
202210010306
202210010307
202210010308
202210010309
202210010310
202210010311
202210010312
202210010401
202210010402
202210010403
202210010404
202210010405
202210010406
202210010407
202210010408
202210010409
202210010410
202210010411
202210010412
202210010501
202210010502
202210010503
202210010504
202210010505
202210010506
202210010507
202210010508
202210010509
202210010510
202210010511
202210010512
202210010601
202210010602
202210010603
202210010604
202210010605
202210010606
202210010607
202210010608
202210010609
202210010610
202210010611
202210010612
202243011001
202243011002
202243011003
202243011004
202243011005
202243011006
202243011007
202243011008
202243011009
202243011010
202243011011
202243011012
202254010901
202254010902
202254010903
202254010904
202254010905
202254010906
202254010907
202254010908
202254010909
202254010910
202254010911
202254011001
202254011002
202254011003
202254011004
202254011005
202254011006
202254011007
202254011008
202254011009
202254011010
202254011011
202254011601
202254011602
202254011603
202254011604
202254011605
202254011606
202254011607
202254011608
202254011609
202254011610
202254012301
202254012302
202254012303
202254012304
202254012305
202254012306
202254012307
202254012308
202254012309
202254012310
202254012311
202254013001
202254013002
202254013003
202254013004
202254013005
202254013006
202254013007
202254013008
202254013009
202254013010
202255010501
202255010502
202255010503
202255010504
202255010505
202255010506
202255010507
202255010508
202255010509
202255010510
202255011001
202255011002
202255011003
202255011004
202255011005
202255011006
202255011007
202255011008
202255011009
202255011010
202255011501
202255011502
202255011503
202255011504
202255011505
202255011506
202255011507
202255011508
202255011509
202255011510
202255011601
202255011602
202255011603
202255011604
202255011605
202255011606
202255011607
202255011608
202255011609
202255011610
202255012201
202255012202
202255012203
202255012204
202255012205
202255012206
202255012207
202255012208
202255012209
202255012210
202255012211
202255012301
202255012302
202255012303
202255012304
202255012305
202255012306
202255012307
202255012308
202255012309
202255012310
202255012311
202255012901
202255012902
202255012903
202255012904
202255012905
202255012906
202255012907
202255012908
202255012909
202255012910
202255012911
202255013001
202255013002
202255013003
202255013004
202255013005
202255013006
202255013007
202255013008
202255013009
202255013010
202255013011
202265010801
202265010802
202265010803
202265010804
202265010805
202265010806
202265010807
202265010808
202265010809
202265010810
202265010811
202265010812
202265010901
202265010902
202265010903
202265010904
202265010905
202265010906
202265010907
202265010908
202265010909
202265010910
202265010911
202265010912
202265011001
202265011002
202265011003
202265011004
202265011005
202265011006
202265011007
202265011008
202265011009
202265011010
202265011011
202265011012
202265011501
202265011502
202265011503
202265011504
202265011505
202265011506
202265011507
202265011508
202265011509
202265011510
202265011511
202265011512
202265011601
202265011602
202265011603
202265011604
202265011605
202265011606
202265011607
202265011608
202265011609
202265011610
202265011611
202265011612
202265012201
202265012202
202265012203
202265012204
202265012205
202265012206
202265012207
202265012208
202265012209
202265012210
202265012211
202265012212
202265012301
202265012302
202265012303
202265012304
202265012305
202265012306
202265012307
202265012308
202265012309
202265012310
202265012311
202265012312
202265012901
202265012902
202265012903
202265012904
202265012905
202265012906
202265012907
202265012908
202265012909
202265012910
202265012911
202265013001
202265013002
202265013003
202265013004
202265013005
202265013006
202265013007
202265013008
202265013009
202265013010
202265013011
202265013012