202201020701
202201020702
202201020703
202201020704
202201020705
202201020706
202201020707
202201020708
202201020709
202201020710
202201020711
202201020712
202201020801
202201020802
202201020803
202201020804
202201020805
202201020806
202201020807
202201020808
202201020809
202201020810
202201020811
202201020812
202204030701
202204030702
202204030703
202204030704
202204030705
202204030706
202204030707
202204030708
202204030709
202204030710
202204030711
202204030712
202204030801
202204030802
202204030803
202204030804
202204030805
202204030806
202204030807
202204030808
202204030809
202204030810
202204030811
202204030812
202206040101
202206040102
202206040103
202206040104
202206040105
202206040106
202206040107
202206040108
202206040109
202206040110
202206040111
202206040112
202206040201
202206040202
202206040203
202206040204
202206040205
202206040206
202206040207
202206040208
202206040209
202206040210
202206040211
202206040212
202206040301
202206040302
202206040303
202206040304
202206040305
202206040306
202206040307
202206040308
202206040309
202206040310
202206040311
202206040312
202206040401
202206040402
202206040403
202206040404
202206040405
202206040406
202206040407
202206040408
202206040409
202206040410
202206040411
202206040412
202206040501
202206040502
202206040503
202206040504
202206040505
202206040506
202206040507
202206040508
202206040509
202206040510
202206040511
202206040512
202206040601
202206040602
202206040603
202206040604
202206040605
202206040606
202206040607
202206040608
202206040609
202206040610
202206040611
202206040612
202206040701
202206040702
202206040703
202206040704
202206040705
202206040706
202206040707
202206040708
202206040709
202206040710
202206040711
202206040712
202207050101
202207050102
202207050103
202207050104
202207050105
202207050106
202207050107
202207050108
202207050109
202207050110
202207050111
202207050112
202207050201
202207050202
202207050203
202207050204
202207050205
202207050206
202207050207
202207050208
202207050209
202207050210
202207050211
202207050212
202207050301
202207050302
202207050303
202207050304
202207050305
202207050306
202207050307
202207050308
202207050309
202207050310
202207050311
202207050312
202207050401
202207050402
202207050403
202207050404
202207050405
202207050406
202207050407
202207050408
202207050409
202207050410
202207050411
202207050412
202207050501
202207050502
202207050503
202207050504
202207050505
202207050506
202207050507
202207050508
202207050509
202207050510
202207050511
202207050512
202207050601
202207050602
202207050603
202207050604
202207050605
202207050606
202207050607
202207050608
202207050609
202207050610
202207050611
202207050612
202207050701
202207050702
202207050703
202207050704
202207050705
202207050706
202207050707
202207050708
202207050709
202207050710
202207050711
202207050712
202210040701
202210040702
202210040703
202210040704
202210040705
202210040706
202210040707
202210040708
202210040709
202210040710
202210040711
202210040712
202210040801
202210040802
202210040803
202210040804
202210040805
202210040806
202210040807
202210040808
202210040809
202210040810
202210040811
202210040812
202235090401
202235090402
202235090403
202235090404
202235090405
202235090406
202235090407
202235090408
202235090409
202235090410
202235090411
202235091101
202235091102
202235091103
202235091104
202235091105
202235091106
202235091107
202235091108
202235091109
202235091110
202235091111
202235091801
202235091802
202235091803
202235091804
202235091805
202235091806
202235091807
202235091808
202235091809
202235091810
202235091811
202235091812
202235091901
202235091902
202235091903
202235091904
202235091905
202235091906
202235091907
202235091908
202235091909
202235091910
202235091911
202235092501
202235092502
202235092503
202235092504
202235092505
202235092506
202235092507
202235092508
202235092509
202235092510
202235092511
202244091801
202244091802
202244091803
202244091804
202244091805
202244091806
202244091807
202244091808
202244091809
202244091810
202244091811
202244091812
202244091901
202244091902
202244091903
202244091904
202244091905
202244091906
202244091907
202244091908
202244091909
202244091910
202244091911
202244091912
202246090401
202246090402
202246090403
202246090404
202246090405
202246090406
202246090407
202246090408
202246090409
202246090410
202246090411
202246090412
202246091101
202246091102
202246091103
202246091104
202246091105
202246091106
202246091107
202246091108
202246091109
202246091110
202246091111
202246091112
202246091901
202246091902
202246091903
202246091904
202246091905
202246091906
202246091907
202246091908
202246091909
202246091910
202246091911
202246092501
202246092502
202246092503
202246092504
202246092505
202246092506
202246092507
202246092508
202246092509
202246092510
202246092511
202246092512
202254090301
202254090302
202254090303
202254090304
202254090305
202254090306
202254090307
202254090308
202254090309
202254090310
202254090311
202254090312
202254090401
202254090402
202254090403
202254090404
202254090405
202254090406
202254090407
202254090408
202254090409
202254090410
202254090411
202254090412
202254091001
202254091002
202254091003
202254091004
202254091005
202254091006
202254091007
202254091008
202254091009
202254091010
202254091101
202254091102
202254091103
202254091104
202254091105
202254091106
202254091107
202254091108
202254091109
202254091110
202254091801
202254091802
202254091803
202254091804
202254091805
202254091806
202254091807
202254091808
202254091809
202254091810
202254091811
202254091812
202254091901
202254091902
202254091903
202254091904
202254091905
202254091906
202254091907
202254091908
202254091909
202254091910
202254091911
202254091912
202255090301
202255090302
202255090303
202255090304
202255090305
202255090306
202255090307
202255090308
202255090309
202255090310
202255090311
202255090401
202255090402
202255090403
202255090404
202255090405
202255090406
202255090407
202255090408
202255090409
202255090410
202255090411
202255091001
202255091002
202255091003
202255091004
202255091005
202255091006
202255091007
202255091008
202255091009
202255091010
202255091011
202255091101
202255091102
202255091103
202255091104
202255091105
202255091106
202255091107
202255091108
202255091109
202255091110
202255091111
202255091701
202255091702
202255091703
202255091704
202255091705
202255091706
202255091707
202255091708
202255091709
202255091710
202255091711
202255091801
202255091802
202255091803
202255091804
202255091805
202255091806
202255091807
202255091808
202255091809
202255091810
202255091811
202255091901
202255091902
202255091903
202255091904
202255091905
202255091906
202255091907
202255091908
202255091909
202255091910
202255091911
202255092401
202255092402
202255092403
202255092404
202255092405
202255092406
202255092407
202255092408
202255092409
202255092410
202255092411
202255092501
202255092502
202255092503
202255092504
202255092505
202255092506
202255092507
202255092508
202255092509
202255092510
202255092511
202265090301
202265090302
202265090303
202265090304
202265090305
202265090306
202265090307
202265090308
202265090309
202265090310
202265090311
202265090312
202265090401
202265090402
202265090403
202265090404
202265090405
202265090406
202265090407
202265090408
202265090409
202265090410
202265090411
202265090412
202265091001
202265091002
202265091003
202265091004
202265091005
202265091006
202265091007
202265091008
202265091009
202265091010
202265091011
202265091012
202265091101
202265091102
202265091103
202265091104
202265091105
202265091106
202265091107
202265091108
202265091109
202265091110
202265091111
202265091112
202265091701
202265091702
202265091703
202265091704
202265091705
202265091706
202265091707
202265091708
202265091709
202265091710
202265091711
202265091712
202265091801
202265091802
202265091803
202265091804
202265091805
202265091806
202265091807
202265091808
202265091809
202265091810
202265091811
202265091812
202265091901
202265091902
202265091903
202265091904
202265091905
202265091906
202265091907
202265091908
202265091909
202265091910
202265091911
202265091912
202265092401
202265092402
202265092403
202265092404
202265092405
202265092406
202265092407
202265092408
202265092409
202265092410
202265092411
202265092412
202265092501
202265092502
202265092503
202265092504
202265092505
202265092506
202265092507
202265092508
202265092509
202265092510
202265092511
202265092512