202306020301
202306020302
202306020303
202306020304
202306020305
202306020306
202306020307
202306020308
202306020309
202306020310
202306020311
202306020312
202306020401
202306020402
202306020403
202306020404
202306020405
202306020406
202306020407
202306020408
202306020409
202306020410
202306020411
202306020412
202306020501
202306020502
202306020503
202306020504
202306020505
202306020506
202306020507
202306020508
202306020509
202306020510
202306020511
202306020512
202306020601
202306020602
202306020603
202306020604
202306020605
202306020606
202306020607
202306020608
202306020609
202306020610
202306020611
202306020612
202306020701
202306020702
202306020703
202306020704
202306020705
202306020706
202306020707
202306020708
202306020709
202306020710
202306020711
202306020712
202306020801
202306020802
202306020803
202306020804
202306020805
202306020806
202306020807
202306020808
202306020809
202306020810
202306020811
202306020812
202306030101
202306030102
202306030103
202306030104
202306030105
202306030106
202306030107
202306030108
202306030109
202306030110
202306030111
202306030112
202306030201
202306030202
202306030203
202306030204
202306030205
202306030206
202306030207
202306030208
202306030209
202306030210
202306030211
202306030212
202307020101
202307020102
202307020103
202307020104
202307020105
202307020106
202307020107
202307020108
202307020109
202307020110
202307020111
202307020112
202307020201
202307020202
202307020203
202307020204
202307020205
202307020206
202307020207
202307020208
202307020209
202307020210
202307020211
202307020212
202307020301
202307020302
202307020303
202307020304
202307020305
202307020306
202307020307
202307020308
202307020309
202307020310
202307020311
202307020312
202307020401
202307020402
202307020403
202307020404
202307020405
202307020406
202307020407
202307020408
202307020409
202307020410
202307020411
202307020412
202307020501
202307020502
202307020503
202307020504
202307020505
202307020506
202307020507
202307020508
202307020509
202307020510
202307020511
202307020512
202307020601
202307020602
202307020603
202307020604
202307020605
202307020606
202307020607
202307020608
202307020609
202307020610
202307020611
202307020612
202309010701
202309010702
202309010703
202309010704
202309010705
202309010706
202309010707
202309010708
202309010709
202309010710
202309010711
202309010712
202309010801
202309010802
202309010803
202309010804
202309010805
202309010806
202309010807
202309010808
202309010809
202309010810
202309010811
202309010812
202309010901
202309010902
202309010903
202309010904
202309010905
202309010906
202309010907
202309010908
202309010909
202309010910
202309010911
202309010912
202309011001
202309011002
202309011003
202309011004
202309011005
202309011006
202309011007
202309011008
202309011009
202309011010
202309011011
202309011012
202309011101
202309011102
202309011103
202309011104
202309011105
202309011106
202309011107
202309011108
202309011109
202309011110
202309011111
202309011112
202309011201
202309011202
202309011203
202309011204
202309011205
202309011206
202309011207
202309011208
202309011209
202309011210
202309011211
202309011212
202309020101
202309020102
202309020103
202309020104
202309020105
202309020106
202309020107
202309020108
202309020109
202309020110
202309020111
202309020112
202309020201
202309020202
202309020203
202309020204
202309020205
202309020206
202309020207
202309020208
202309020209
202309020210
202309020211
202309020212
202336031101
202336031102
202336031103
202336031104
202336031105
202336031106
202336031107
202336031108
202336031109
202336031110
202336031111
202336031112
202336031201
202336031202
202336031203
202336031204
202336031205
202336031206
202336031207
202336031208
202336031209
202336031210
202336031211
202336031212
202336031901
202336031902
202336031903
202336031904
202336031905
202336031906
202336031907
202336031908
202336031909
202336031910
202336031911
202336031912
202336032601
202336032602
202336032603
202336032604
202336032605
202336032606
202336032607
202336032608
202336032609
202336032610
202336032611
202346031201
202346031202
202346031203
202346031204
202346031205
202346031206
202346031207
202346031208
202346031209
202346031210
202346031211
202346031212
202346031901
202346031902
202346031903
202346031904
202346031905
202346031906
202346031907
202346031908
202346031909
202346032501
202346032502
202346032503
202346032504
202346032505
202346032506
202346032507
202346032508
202346032509
202354030501
202354030502
202354030503
202354030504
202354030505
202354030506
202354030507
202354030508
202354031201
202354031202
202354031203
202354031204
202354031205
202354031206
202354031207
202354031208
202354031209
202354031901
202354031902
202354031903
202354031904
202354031905
202354031906
202354031907
202354031908
202354031909
202354031910
202354032601
202354032602
202354032603
202354032604
202354032605
202354032606
202354032607
202354032608
202354032609
202354032610
202354032611
202354032612
202355030401
202355030402
202355030403
202355030404
202355030405
202355030406
202355030407
202355030408
202355030409
202355030410
202355030411
202355030501
202355030502
202355030503
202355030504
202355030505
202355030506
202355030507
202355030508
202355030509
202355030510
202355030511
202355031101
202355031102
202355031103
202355031104
202355031105
202355031106
202355031107
202355031108
202355031109
202355031110
202355031111
202355031201
202355031202
202355031203
202355031204
202355031205
202355031206
202355031207
202355031208
202355031209
202355031210
202355031211
202355031801
202355031802
202355031803
202355031804
202355031805
202355031806
202355031807
202355031808
202355031809
202355031810
202355031811
202355031901
202355031902
202355031903
202355031904
202355031905
202355031906
202355031907
202355031908
202355031909
202355031910
202355031911
202355032501
202355032502
202355032503
202355032504
202355032505
202355032506
202355032507
202355032508
202355032509
202355032510
202355032511
202355032601
202355032602
202355032603
202355032604
202355032605
202355032606
202355032607
202355032608
202355032609
202355032610
202355032611
202365030401
202365030402
202365030403
202365030404
202365030405
202365030406
202365030407
202365030408
202365030409
202365030410
202365030411
202365030412
202365030501
202365030502
202365030503
202365030504
202365030505
202365030506
202365030507
202365030508
202365030509
202365030510
202365030511
202365030512
202365031101
202365031102
202365031103
202365031104
202365031105
202365031106
202365031107
202365031108
202365031109
202365031110
202365031111
202365031112
202365031201
202365031202
202365031203
202365031204
202365031205
202365031206
202365031207
202365031208
202365031209
202365031210
202365031211
202365031212
202365031801
202365031802
202365031803
202365031804
202365031805
202365031806
202365031807
202365031808
202365031809
202365031810
202365031811
202365031812
202365031901
202365031902
202365031903
202365031904
202365031905
202365031906
202365031907
202365031908
202365031909
202365031910
202365031911
202365031912