202306050101
202306050102
202306050103
202306050104
202306050105
202306050106
202306050107
202306050108
202306050109
202306050110
202306050111
202306050112
202306050201
202306050202
202306050203
202306050204
202306050205
202306050206
202306050207
202306050208
202306050209
202306050210
202306050211
202306050212
202306050301
202306050302
202306050303
202306050304
202306050305
202306050306
202306050307
202306050308
202306050309
202306050310
202306050311
202306050312
202306050401
202306050402
202306050403
202306050404
202306050405
202306050406
202306050407
202306050408
202306050409
202306050410
202306050411
202306050412
202306050501
202306050502
202306050503
202306050504
202306050505
202306050506
202306050507
202306050508
202306050509
202306050510
202306050511
202306050512
202306050601
202306050602
202306050603
202306050604
202306050605
202306050606
202306050607
202306050608
202306050609
202306050610
202306050611
202306050612
202306050701
202306050702
202306050703
202306050704
202306050705
202306050706
202306050707
202306050708
202306050709
202306050710
202306050711
202306050712
202306050801
202306050802
202306050803
202306050804
202306050805
202306050806
202306050807
202306050808
202306050809
202306050810
202306050811
202306050812
202306050901
202306050902
202306050903
202306050904
202306050905
202306050906
202306050907
202306050908
202306050909
202306050910
202306050911
202306050912
202307040101
202307040102
202307040103
202307040104
202307040105
202307040106
202307040107
202307040108
202307040109
202307040110
202307040111
202307040112
202307040201
202307040202
202307040203
202307040204
202307040205
202307040206
202307040207
202307040208
202307040209
202307040210
202307040211
202307040212
202307040301
202307040302
202307040303
202307040304
202307040305
202307040306
202307040307
202307040308
202307040309
202307040310
202307040311
202307040312
202307040401
202307040402
202307040403
202307040404
202307040405
202307040406
202307040407
202307040408
202307040409
202307040410
202307040411
202307040412
202307040501
202307040502
202307040503
202307040504
202307040505
202307040506
202307040507
202307040508
202307040509
202307040510
202307040511
202307040512
202307040601
202307040602
202307040603
202307040604
202307040605
202307040606
202307040607
202307040608
202307040609
202307040610
202307040611
202307040612
202309050101
202309050102
202309050103
202309050104
202309050105
202309050106
202309050107
202309050108
202309050109
202309050110
202309050111
202309050112
202309050201
202309050202
202309050203
202309050204
202309050205
202309050206
202309050207
202309050208
202309050209
202309050210
202309050211
202309050212
202309050301
202309050302
202309050303
202309050304
202309050305
202309050306
202309050307
202309050308
202309050309
202309050310
202309050311
202309050312
202309050401
202309050402
202309050403
202309050404
202309050405
202309050406
202309050407
202309050408
202309050409
202309050410
202309050411
202309050412
202309050501
202309050502
202309050503
202309050504
202309050505
202309050506
202309050507
202309050508
202309050509
202309050510
202309050511
202309050512
202309050601
202309050602
202309050603
202309050604
202309050605
202309050606
202309050607
202309050608
202309050609
202309050610
202309050611
202309050612
202309050701
202309050702
202309050703
202309050704
202309050705
202309050706
202309050707
202309050708
202309050709
202309050710
202309050711
202309050712
202309050801
202309050802
202309050803
202309050804
202309050805
202309050806
202309050807
202309050808
202309050809
202309050810
202309050811
202309050812
202309050901
202309050902
202309050903
202309050904
202309050905
202309050906
202309050907
202309050908
202309050909
202309050910
202309050911
202309050912
202336120301
202336120302
202336120303
202336120304
202336120305
202336120306
202336120307
202336120308
202336120309
202336120310
202336120311
202336120312
202336121001
202336121002
202336121003
202336121004
202336121005
202336121006
202336121007
202336121008
202336121009
202336121010
202336121011
202336121701
202336121702
202336121703
202336121704
202336121705
202336121706
202336121707
202336121708
202336121709
202336121710
202336121711
202336122401
202336122402
202336122403
202336122404
202336122405
202336122406
202336122407
202336122408
202336122409
202336122410
202336122411
202343121601
202343121602
202343121603
202343121604
202343121605
202343121606
202343121607
202343121608
202343121609
202343121610
202343121611
202343121612
202343121701
202343121702
202343121703
202343121704
202343121705
202343121706
202343121707
202343121708
202343121709
202343121710
202343121711
202343121712
202344120901
202344120902
202344120903
202344120904
202344120905
202344120906
202344120907
202344120908
202344120909
202344120910
202344120911
202344120912
202344122801
202344122802
202344122803
202344122804
202344122805
202344122806
202344122807
202344122808
202344122809
202344122810
202346120301
202346120302
202346120303
202346120304
202346120305
202346120306
202346120307
202346120308
202346120309
202346120310
202346121001
202346121002
202346121003
202346121004
202346121005
202346121006
202346121007
202346121008
202346121009
202346121010
202346121011
202346122301
202346122302
202346122303
202346122304
202346122305
202346122306
202346122307
202346122308
202346122309
202346122310
202354120201
202354120202
202354120203
202354120204
202354120205
202354120206
202354120207
202354120208
202354120209
202354120210
202354120301
202354120302
202354120303
202354120304
202354120305
202354120306
202354120307
202354120308
202354120309
202354120310
202354120311
202354120901
202354120902
202354120903
202354120904
202354120905
202354120906
202354120907
202354120908
202354120909
202354120910
202354120911
202354120912
202354121001
202354121002
202354121003
202354121004
202354121005
202354121006
202354121007
202354121008
202354121009
202354121010
202354121011
202354121012
202354121601
202354121602
202354121603
202354121604
202354121605
202354121606
202354121607
202354121608
202354121609
202354121610
202354121701
202354121702
202354121703
202354121704
202354121705
202354121706
202354121707
202354121708
202354121709
202354121710
202354121711
202354122801
202354122802
202354122803
202354122804
202354122805
202354122806
202354122807
202354122808
202354122809
202354122810
202354122811
202354122812
202355120201
202355120202
202355120203
202355120204
202355120205
202355120206
202355120207
202355120208
202355120209
202355120210
202355120211
202355120212
202355120301
202355120302
202355120303
202355120304
202355120305
202355120306
202355120307
202355120308
202355120309
202355120310
202355120311
202355120901
202355120902
202355120903
202355120904
202355120905
202355120906
202355120907
202355120908
202355120909
202355120910
202355120911
202355120912
202355121001
202355121002
202355121003
202355121004
202355121005
202355121006
202355121007
202355121008
202355121009
202355121010
202355121601
202355121602
202355121603
202355121604
202355121605
202355121606
202355121607
202355121608
202355121609
202355121610
202355121611
202355121701
202355121702
202355121703
202355121704
202355121705
202355121706
202355121707
202355121708
202355121709
202355121710
202355121711
202355122301
202355122302
202355122303
202355122304
202355122305
202355122306
202355122307
202355122308
202355122309
202355122310
202355122311
202355122312
202355122401
202355122402
202355122403
202355122404
202355122405
202355122406
202355122407
202355122408
202355122409
202355122410
202355122411
202355122412
202365120201
202365120202
202365120203
202365120204
202365120205
202365120206
202365120207
202365120208
202365120209
202365120210
202365120211
202365120212
202365120301
202365120302
202365120303
202365120304
202365120305
202365120306
202365120307
202365120308
202365120309
202365120310
202365120311
202365120312
202365120901
202365120902
202365120903
202365120904
202365120905
202365120906
202365120907
202365120908
202365120909
202365120910
202365120911
202365120912
202365121001
202365121002
202365121003
202365121004
202365121005
202365121006
202365121007
202365121008
202365121009
202365121010
202365121011
202365121012
202365121601
202365121602
202365121603
202365121604
202365121605
202365121606
202365121607
202365121608
202365121609
202365121610
202365121611
202365121612
202365121701
202365121702
202365121703
202365121704
202365121705
202365121706
202365121707
202365121708
202365121709
202365121710
202365121711
202365121712
202365122301
202365122302
202365122303
202365122304
202365122305
202365122306
202365122307
202365122308
202365122309
202365122310
202365122311
202365122312
202365122401
202365122402
202365122403
202365122404
202365122405
202365122406
202365122407
202365122408
202365122409
202365122410
202365122411
202365122412
202365122801
202365122802
202365122803
202365122804
202365122805
202365122806
202365122807
202365122808
202365122809
202365122810
202365122811
202365122812