202302010101
202302010102
202302010103
202302010104
202302010105
202302010106
202302010107
202302010108
202302010109
202302010110
202302010111
202302010112
202302010201
202302010202
202302010203
202302010204
202302010205
202302010206
202302010207
202302010208
202302010209
202302010210
202302010211
202302010212
202302010301
202302010302
202302010303
202302010304
202302010305
202302010306
202302010307
202302010308
202302010309
202302010310
202302010311
202302010312
202302010401
202302010402
202302010403
202302010404
202302010405
202302010406
202302010407
202302010408
202302010409
202302010410
202302010411
202302010412
202302010501
202302010502
202302010503
202302010504
202302010505
202302010506
202302010507
202302010508
202302010509
202302010510
202302010511
202302010512
202302010601
202302010602
202302010603
202302010604
202302010605
202302010606
202302010607
202302010608
202302010609
202302010610
202302010611
202302010612
202305030101
202305030102
202305030103
202305030104
202305030105
202305030106
202305030107
202305030108
202305030109
202305030110
202305030111
202305030112
202305030201
202305030202
202305030203
202305030204
202305030205
202305030206
202305030207
202305030208
202305030209
202305030210
202305030211
202305030212
202305030301
202305030302
202305030303
202305030304
202305030305
202305030306
202305030307
202305030308
202305030309
202305030310
202305030311
202305030312
202305030401
202305030402
202305030403
202305030404
202305030405
202305030406
202305030407
202305030408
202305030409
202305030410
202305030411
202305030412
202305030501
202305030502
202305030503
202305030504
202305030505
202305030506
202305030507
202305030508
202305030509
202305030510
202305030511
202305030512
202305030601
202305030602
202305030603
202305030604
202305030605
202305030606
202305030607
202305030608
202305030609
202305030610
202305030611
202305030612
202305030701
202305030702
202305030703
202305030704
202305030705
202305030706
202305030707
202305030708
202305030709
202305030710
202305030711
202305030712
202305030801
202305030802
202305030803
202305030804
202305030805
202305030806
202305030807
202305030808
202305030809
202305030810
202305030811
202305030812
202309030101
202309030102
202309030103
202309030104
202309030105
202309030106
202309030107
202309030108
202309030109
202309030110
202309030111
202309030112
202309030201
202309030202
202309030203
202309030204
202309030205
202309030206
202309030207
202309030208
202309030209
202309030210
202309030211
202309030212
202309030301
202309030302
202309030303
202309030304
202309030305
202309030306
202309030307
202309030308
202309030309
202309030310
202309030311
202309030312
202309030401
202309030402
202309030403
202309030404
202309030405
202309030406
202309030407
202309030408
202309030409
202309030410
202309030411
202309030412
202309030501
202309030502
202309030503
202309030504
202309030505
202309030506
202309030507
202309030508
202309030509
202309030510
202309030511
202309030512
202309030601
202309030602
202309030603
202309030604
202309030605
202309030606
202309030607
202309030608
202309030609
202309030610
202309030611
202309030612
202309030701
202309030702
202309030703
202309030704
202309030705
202309030706
202309030707
202309030708
202309030709
202309030710
202309030711
202309030712
202309030801
202309030802
202309030803
202309030804
202309030805
202309030806
202309030807
202309030808
202309030809
202309030810
202309030811
202309030812
202335062501
202335062502
202335062503
202335062504
202335062505
202335062506
202335062507
202335062508
202335062509
202335062510
202335062511
202336060401
202336060402
202336060403
202336060404
202336060405
202336060406
202336060407
202336060408
202336060409
202336060410
202336060411
202336060412
202336061101
202336061102
202336061103
202336061104
202336061105
202336061106
202336061107
202336061108
202336061109
202336061110
202336061111
202336061801
202336061802
202336061803
202336061804
202336061805
202336061806
202336061807
202336061808
202336061809
202336061810
202336061811
202346060401
202346060402
202346060403
202346060404
202346060405
202346060406
202346060407
202346060408
202346060409
202346060410
202346060411
202346060412
202346061101
202346061102
202346061103
202346061104
202346061105
202346061106
202346061107
202346061108
202346061109
202346061110
202346061111
202346061112
202346061801
202346061802
202346061803
202346061804
202346061805
202346061806
202346061807
202346061808
202346061809
202346061810
202346061811
202346062501
202346062502
202346062503
202346062504
202346062505
202346062506
202346062507
202346062508
202346062509
202346062510
202346062511
202354061001
202354061002
202354061003
202354061004
202354061005
202354061006
202354061007
202354061008
202354061009
202354061010
202354061011
202354061101
202354061102
202354061103
202354061104
202354061105
202354061106
202354061107
202354061108
202354061109
202354061110
202354061111
202354061112
202354061701
202354061702
202354061703
202354061704
202354061705
202354061706
202354061707
202354061708
202354061709
202354061710
202354061711
202354061712
202354061801
202354061802
202354061803
202354061804
202354061805
202354061806
202354061807
202354061808
202354061809
202354061810
202354061811
202354061812
202354062401
202354062402
202354062403
202354062404
202354062405
202354062406
202354062407
202354062408
202354062409
202354062410
202354062411
202354062501
202354062502
202354062503
202354062504
202354062505
202354062506
202354062507
202354062508
202354062509
202354062510
202354062511
202355060301
202355060302
202355060303
202355060304
202355060305
202355060306
202355060307
202355060308
202355060309
202355060310
202355060311
202355060401
202355060402
202355060403
202355060404
202355060405
202355060406
202355060407
202355060408
202355060409
202355060410
202355060411
202355061001
202355061002
202355061003
202355061004
202355061005
202355061006
202355061007
202355061008
202355061009
202355061010
202355061011
202355061101
202355061102
202355061103
202355061104
202355061105
202355061106
202355061107
202355061108
202355061109
202355061110
202355061111
202355061701
202355061702
202355061703
202355061704
202355061705
202355061706
202355061707
202355061708
202355061709
202355061710
202355061711
202355061801
202355061802
202355061803
202355061804
202355061805
202355061806
202355061807
202355061808
202355061809
202355061810
202355061811
202355062401
202355062402
202355062403
202355062404
202355062405
202355062406
202355062407
202355062408
202355062409
202355062410
202355062411
202355062501
202355062502
202355062503
202355062504
202355062505
202355062506
202355062507
202355062508
202355062509
202355062510
202355062511
202365060301
202365060302
202365060303
202365060304
202365060305
202365060306
202365060307
202365060308
202365060309
202365060310
202365060311
202365060312
202365060401
202365060402
202365060403
202365060404
202365060405
202365060406
202365060407
202365060408
202365060409
202365060410
202365060411
202365060412
202365061001
202365061002
202365061003
202365061004
202365061005
202365061006
202365061007
202365061008
202365061009
202365061010
202365061011
202365061012
202365061101
202365061102
202365061103
202365061104
202365061105
202365061106
202365061107
202365061108
202365061109
202365061110
202365061111
202365061112
202365061701
202365061702
202365061703
202365061704
202365061705
202365061706
202365061707
202365061708
202365061709
202365061710
202365061711
202365061712
202365061801
202365061802
202365061803
202365061804
202365061805
202365061806
202365061807
202365061808
202365061809
202365061810
202365061811
202365061812
202365062401
202365062402
202365062403
202365062404
202365062405
202365062406
202365062407
202365062408
202365062409
202365062410
202365062411
202365062412
202365062501
202365062502
202365062503
202365062504
202365062505
202365062506
202365062507
202365062508
202365062509
202365062510
202365062511
202365062512