202301010101
202301010102
202301010103
202301010104
202301010105
202301010106
202301010107
202301010108
202301010109
202301010110
202301010111
202301010112
202301010201
202301010202
202301010203
202301010204
202301010205
202301010206
202301010207
202301010208
202301010209
202301010210
202301010211
202301010212
202301010301
202301010302
202301010303
202301010304
202301010305
202301010306
202301010307
202301010308
202301010309
202301010310
202301010311
202301010312
202301010401
202301010402
202301010403
202301010404
202301010405
202301010406
202301010407
202301010408
202301010409
202301010410
202301010411
202301010412
202302020101
202302020102
202302020103
202302020104
202302020105
202302020106
202302020107
202302020108
202302020109
202302020110
202302020111
202302020112
202302020201
202302020202
202302020203
202302020204
202302020205
202302020206
202302020207
202302020208
202302020209
202302020210
202302020211
202302020212
202302020301
202302020302
202302020303
202302020304
202302020305
202302020306
202302020307
202302020308
202302020309
202302020310
202302020311
202302020312
202302020401
202302020402
202302020403
202302020404
202302020405
202302020406
202302020407
202302020408
202302020409
202302020410
202302020411
202302020412
202302020501
202302020502
202302020503
202302020504
202302020505
202302020506
202302020507
202302020508
202302020509
202302020510
202302020511
202302020512
202302020601
202302020602
202302020603
202302020604
202302020605
202302020606
202302020607
202302020608
202302020609
202302020610
202302020611
202302020612
202303020101
202303020102
202303020103
202303020104
202303020105
202303020106
202303020107
202303020108
202303020109
202303020110
202303020111
202303020112
202303020201
202303020202
202303020203
202303020204
202303020205
202303020206
202303020207
202303020208
202303020209
202303020210
202303020211
202303020212
202303020301
202303020302
202303020303
202303020304
202303020305
202303020306
202303020307
202303020308
202303020309
202303020310
202303020311
202303020312
202303020401
202303020402
202303020403
202303020404
202303020405
202303020406
202303020407
202303020408
202303020409
202303020410
202303020411
202303020412
202303020501
202303020502
202303020503
202303020504
202303020505
202303020506
202303020507
202303020508
202303020509
202303020510
202303020511
202303020512
202303020601
202303020602
202303020603
202303020604
202303020605
202303020606
202303020607
202303020608
202303020609
202303020610
202303020611
202303020612
202303020701
202303020702
202303020703
202303020704
202303020705
202303020706
202303020707
202303020708
202303020709
202303020710
202303020711
202303020712
202303020801
202303020802
202303020803
202303020804
202303020805
202303020806
202303020807
202303020808
202303020809
202303020810
202303020811
202303020812
202304020101
202304020102
202304020103
202304020104
202304020105
202304020106
202304020107
202304020108
202304020109
202304020110
202304020111
202304020112
202304020201
202304020202
202304020203
202304020204
202304020205
202304020206
202304020207
202304020208
202304020209
202304020210
202304020211
202304020212
202307030101
202307030102
202307030103
202307030104
202307030105
202307030106
202307030107
202307030108
202307030109
202307030110
202307030111
202307030112
202307030201
202307030202
202307030203
202307030204
202307030205
202307030206
202307030207
202307030208
202307030209
202307030210
202307030211
202307030212
202307030301
202307030302
202307030303
202307030304
202307030305
202307030306
202307030307
202307030308
202307030309
202307030310
202307030311
202307030312
202307030401
202307030402
202307030403
202307030404
202307030405
202307030406
202307030407
202307030408
202307030409
202307030410
202307030411
202307030412
202307030501
202307030502
202307030503
202307030504
202307030505
202307030506
202307030507
202307030508
202307030509
202307030510
202307030511
202307030512
202307030601
202307030602
202307030603
202307030604
202307030605
202307030606
202307030607
202307030608
202307030609
202307030610
202307030611
202307030612
202307030701
202307030702
202307030703
202307030704
202307030705
202307030706
202307030707
202307030708
202307030709
202307030710
202307030711
202307030712
202307030801
202307030802
202307030803
202307030804
202307030805
202307030806
202307030807
202307030808
202307030809
202307030810
202307030811
202307030812
202335070201
202335070202
202335070203
202335070204
202335070205
202335070206
202335070207
202335070208
202335070209
202335070210
202335070211
202335070901
202335070902
202335070903
202335070904
202335070905
202335070906
202335070907
202335070908
202335070909
202335070910
202335070911
202335071601
202335071602
202335071603
202335071604
202335071605
202335071606
202335071607
202335071608
202335071609
202335071610
202335071611
202335072301
202335072302
202335072303
202335072304
202335072305
202335072306
202335072307
202335072308
202335072309
202335072310
202335072311
202335073001
202335073002
202335073003
202335073004
202335073005
202335073006
202335073007
202335073008
202335073009
202335073010
202335073011
202343072201
202343072202
202343072203
202343072204
202343072205
202343072206
202343072207
202343072208
202343072209
202343072210
202343072211
202343072212
202343072301
202343072302
202343072303
202343072304
202343072305
202343072306
202343072307
202343072308
202343072309
202343072310
202343072311
202343072312
202345072901
202345072902
202345072903
202345072904
202345072905
202345072906
202345072907
202345072908
202345072909
202345072910
202345072911
202346070901
202346070902
202346070903
202346070904
202346070905
202346070906
202346070907
202346070908
202346070909
202346070910
202346070911
202346070912
202346071601
202346071602
202346071603
202346071604
202346071605
202346071606
202346071607
202346071608
202346071609
202346071610
202346071611
202346073001
202346073002
202346073003
202346073004
202346073005
202346073006
202346073007
202346073008
202346073009
202346073010
202346073011
202346073012
202354070101
202354070102
202354070103
202354070104
202354070105
202354070106
202354070107
202354070108
202354070109
202354070110
202354070111
202354070112
202354070201
202354070202
202354070203
202354070204
202354070205
202354070206
202354070207
202354070208
202354070209
202354070210
202354070211
202354070801
202354070802
202354070803
202354070804
202354070805
202354070806
202354070807
202354070808
202354070809
202354070810
202354070811
202354070901
202354070902
202354070903
202354070904
202354070905
202354070906
202354070907
202354070908
202354070909
202354070910
202354070911
202354070912
202354071601
202354071602
202354071603
202354071604
202354071605
202354071606
202354071607
202354071608
202354071609
202354071610
202354071611
202354071612
202354072201
202354072202
202354072203
202354072204
202354072205
202354072206
202354072207
202354072208
202354072209
202354072210
202354072211
202354072212
202354072301
202354072302
202354072303
202354072304
202354072305
202354072306
202354072307
202354072308
202354072309
202354072310
202354072311
202354072312
202354072901
202354072902
202354072903
202354072904
202354072905
202354072906
202354072907
202354072908
202354072909
202354072910
202354072911
202354073001
202354073002
202354073003
202354073004
202354073005
202354073006
202354073007
202354073008
202354073009
202354073010
202354073011
202355070101
202355070102
202355070103
202355070104
202355070105
202355070106
202355070107
202355070108
202355070109
202355070110
202355070111
202355070201
202355070202
202355070203
202355070204
202355070205
202355070206
202355070207
202355070208
202355070209
202355070210
202355070211
202355070801
202355070802
202355070803
202355070804
202355070805
202355070806
202355070807
202355070808
202355070809
202355070810
202355070811
202355070901
202355070902
202355070903
202355070904
202355070905
202355070906
202355070907
202355070908
202355070909
202355070910
202355070911
202355071501
202355071502
202355071503
202355071504
202355071505
202355071506
202355071507
202355071508
202355071509
202355071510
202355071511
202355071601
202355071602
202355071603
202355071604
202355071605
202355071606
202355071607
202355071608
202355071609
202355071610
202355072201
202355072202
202355072203
202355072204
202355072205
202355072206
202355072207
202355072208
202355072209
202355072210
202355072211
202355072301
202355072302
202355072303
202355072304
202355072305
202355072306
202355072307
202355072308
202355072309
202355072310
202355072311
202365070101
202365070102
202365070103
202365070104
202365070105
202365070106
202365070107
202365070108
202365070109
202365070110
202365070111
202365070112
202365070201
202365070202
202365070203
202365070204
202365070205
202365070206
202365070207
202365070208
202365070209
202365070210
202365070211
202365070212
202365070801
202365070802
202365070803
202365070804
202365070805
202365070806
202365070807
202365070808
202365070809
202365070810
202365070811
202365070812
202365070901
202365070902
202365070903
202365070904
202365070905
202365070906
202365070907
202365070908
202365070909
202365070910
202365070911
202365070912
202365071501
202365071502
202365071503
202365071504
202365071505
202365071506
202365071507
202365071508
202365071509
202365071510
202365071511
202365071512
202365071601
202365071602
202365071603
202365071604
202365071605
202365071606
202365071607
202365071608
202365071609
202365071610
202365071611
202365071612
202365072201
202365072202
202365072203
202365072204
202365072205
202365072206
202365072207
202365072208
202365072209
202365072210
202365072211
202365072212
202365072301
202365072302
202365072303
202365072304
202365072305
202365072306
202365072307
202365072308
202365072309
202365072310
202365072311
202365072312
202365072901
202365072902
202365072903
202365072904
202365072905
202365072906
202365072907
202365072908
202365072909
202365072910
202365072911
202365072912
202365073001
202365073002
202365073003
202365073004
202365073005
202365073006
202365073007
202365073008
202365073009
202365073010
202365073011
202365073012