202305010101
202305010102
202305010103
202305010104
202305010105
202305010106
202305010107
202305010108
202305010109
202305010110
202305010111
202305010112
202305010201
202305010202
202305010203
202305010204
202305010205
202305010206
202305010207
202305010208
202305010209
202305010210
202305010211
202305010212
202306010101
202306010102
202306010103
202306010104
202306010105
202306010106
202306010107
202306010108
202306010109
202306010110
202306010111
202306010112
202306010201
202306010202
202306010203
202306010204
202306010205
202306010206
202306010207
202306010208
202306010209
202306010210
202306010211
202306010212
202306010301
202306010302
202306010303
202306010304
202306010305
202306010306
202306010307
202306010308
202306010309
202306010310
202306010311
202306010312
202306010401
202306010402
202306010403
202306010404
202306010405
202306010406
202306010407
202306010408
202306010409
202306010410
202306010411
202306010412
202306010501
202306010502
202306010503
202306010504
202306010505
202306010506
202306010507
202306010508
202306010509
202306010510
202306010511
202306010512
202306010601
202306010602
202306010603
202306010604
202306010605
202306010606
202306010607
202306010608
202306010609
202306010610
202306010611
202306010612
202306010701
202306010702
202306010703
202306010704
202306010705
202306010706
202306010707
202306010708
202306010709
202306010710
202306010711
202306010712
202306010801
202306010802
202306010803
202306010804
202306010805
202306010806
202306010807
202306010808
202306010809
202306010810
202306010811
202306010812
202307010101
202307010102
202307010103
202307010104
202307010105
202307010106
202307010107
202307010108
202307010109
202307010110
202307010111
202307010112
202307010201
202307010202
202307010203
202307010204
202307010205
202307010206
202307010207
202307010208
202307010209
202307010210
202307010211
202307010212
202307010301
202307010302
202307010303
202307010304
202307010305
202307010306
202307010307
202307010308
202307010309
202307010310
202307010311
202307010312
202307010401
202307010402
202307010403
202307010404
202307010405
202307010406
202307010407
202307010408
202307010409
202307010410
202307010411
202307010412
202307010501
202307010502
202307010503
202307010504
202307010505
202307010506
202307010507
202307010508
202307010509
202307010510
202307010511
202307010512
202307010601
202307010602
202307010603
202307010604
202307010605
202307010606
202307010607
202307010608
202307010609
202307010610
202307010611
202307010612
202307010701
202307010702
202307010703
202307010704
202307010705
202307010706
202307010707
202307010708
202307010709
202307010710
202307010711
202307010712
202307010801
202307010802
202307010803
202307010804
202307010805
202307010806
202307010807
202307010808
202307010809
202307010810
202307010811
202307010812
202307010901
202307010902
202307010903
202307010904
202307010905
202307010906
202307010907
202307010908
202307010909
202307010910
202307010911
202307010912
202307011001
202307011002
202307011003
202307011004
202307011005
202307011006
202307011007
202307011008
202307011009
202307011010
202307011011
202307011012
202310010101
202310010102
202310010103
202310010104
202310010105
202310010106
202310010107
202310010108
202310010109
202310010110
202310010111
202310010112
202310010201
202310010202
202310010203
202310010204
202310010205
202310010206
202310010207
202310010208
202310010209
202310010210
202310010211
202310010212
202310010301
202310010302
202310010303
202310010304
202310010305
202310010306
202310010307
202310010308
202310010309
202310010310
202310010311
202310010312
202310010401
202310010402
202310010403
202310010404
202310010405
202310010406
202310010407
202310010408
202310010409
202310010410
202310010411
202310010412
202310010501
202310010502
202310010503
202310010504
202310010505
202310010506
202310010507
202310010508
202310010509
202310010510
202310010511
202310010512
202310010601
202310010602
202310010603
202310010604
202310010605
202310010606
202310010607
202310010608
202310010609
202310010610
202310010611
202310010612
202354010801
202354010802
202354010803
202354010804
202354010805
202354010806
202354010807
202354010808
202354010809
202354010901
202354010902
202354010903
202354010904
202354010905
202354010906
202354010907
202354010908
202354010909
202354011501
202354011502
202354011503
202354011504
202354011505
202354011506
202354011507
202354011508
202354011509
202354012201
202354012202
202354012203
202354012204
202354012205
202354012206
202354012207
202354012208
202354012209
202354012210
202354012901
202354012902
202354012903
202354012904
202354012905
202354012906
202354012907
202354012908
202354012909
202354012910
202354012911
202355010501
202355010502
202355010503
202355010504
202355010505
202355010506
202355010507
202355010508
202355010509
202355010510
202355010701
202355010702
202355010703
202355010704
202355010705
202355010706
202355010707
202355010708
202355010709
202355010710
202355011501
202355011502
202355011503
202355011504
202355011505
202355011506
202355011507
202355011508
202355011509
202355011510
202355012101
202355012102
202355012103
202355012104
202355012105
202355012106
202355012107
202355012108
202355012109
202355012110
202355012111
202355012201
202355012202
202355012203
202355012204
202355012205
202355012206
202355012207
202355012208
202355012209
202355012210
202355012211
202355012801
202355012802
202355012803
202355012804
202355012805
202355012806
202355012807
202355012808
202355012809
202355012810
202355012811
202355012812
202355012901
202355012902
202355012903
202355012904
202355012905
202355012906
202355012907
202355012908
202355012909
202355012910
202355012911
202365010701
202365010702
202365010703
202365010704
202365010705
202365010706
202365010707
202365010708
202365010709
202365010710
202365010711
202365010712
202365010801
202365010802
202365010803
202365010804
202365010805
202365010806
202365010807
202365010808
202365010809
202365010810
202365010811
202365010812
202365010901
202365010902
202365010903
202365010904
202365010905
202365010906
202365010907
202365010908
202365010909
202365010910
202365010911
202365010912
202365011401
202365011402
202365011403
202365011404
202365011405
202365011406
202365011407
202365011408
202365011409
202365011410
202365011411
202365011412
202365011501
202365011502
202365011503
202365011504
202365011505
202365011506
202365011507
202365011508
202365011509
202365011510
202365011511
202365011512
202365012101
202365012102
202365012103
202365012104
202365012105
202365012106
202365012107
202365012108
202365012109
202365012110
202365012111
202365012112
202365012201
202365012202
202365012203
202365012204
202365012205
202365012206
202365012207
202365012208
202365012209
202365012210
202365012211
202365012212
202365012801
202365012802
202365012803
202365012804
202365012805
202365012806
202365012807
202365012808
202365012809
202365012810
202365012811
202365012812
202365012901
202365012902
202365012903
202365012904
202365012905
202365012906
202365012907
202365012908
202365012909
202365012910
202365012911
202365012912