202305010301
202305010302
202305010303
202305010304
202305010305
202305010306
202305010307
202305010308
202305010309
202305010310
202305010311
202305010312
202305010401
202305010402
202305010403
202305010404
202305010405
202305010406
202305010407
202305010408
202305010409
202305010410
202305010411
202305010412
202305010501
202305010502
202305010503
202305010504
202305010505
202305010506
202305010507
202305010508
202305010509
202305010510
202305010511
202305010512
202305010601
202305010602
202305010603
202305010604
202305010605
202305010606
202305010607
202305010608
202305010609
202305010610
202305010611
202305010612
202305010701
202305010702
202305010703
202305010704
202305010705
202305010706
202305010707
202305010708
202305010709
202305010710
202305010711
202305010712
202305010801
202305010802
202305010803
202305010804
202305010805
202305010806
202305010807
202305010808
202305010809
202305010810
202305010811
202305010812
202306020101
202306020102
202306020103
202306020104
202306020105
202306020106
202306020107
202306020108
202306020109
202306020110
202306020111
202306020112
202306020201
202306020202
202306020203
202306020204
202306020205
202306020206
202306020207
202306020208
202306020209
202306020210
202306020211
202306020212
202307011101
202307011102
202307011103
202307011104
202307011105
202307011106
202307011107
202307011108
202307011109
202307011110
202307011111
202307011112
202307011201
202307011202
202307011203
202307011204
202307011205
202307011206
202307011207
202307011208
202307011209
202307011210
202307011211
202307011212
202309010101
202309010102
202309010103
202309010104
202309010105
202309010106
202309010107
202309010108
202309010109
202309010110
202309010111
202309010112
202309010201
202309010202
202309010203
202309010204
202309010205
202309010206
202309010207
202309010208
202309010209
202309010210
202309010211
202309010212
202309010301
202309010302
202309010303
202309010304
202309010305
202309010306
202309010307
202309010308
202309010309
202309010310
202309010311
202309010312
202309010401
202309010402
202309010403
202309010404
202309010405
202309010406
202309010407
202309010408
202309010409
202309010410
202309010411
202309010412
202309010501
202309010502
202309010503
202309010504
202309010505
202309010506
202309010507
202309010508
202309010509
202309010510
202309010511
202309010512
202309010601
202309010602
202309010603
202309010604
202309010605
202309010606
202309010607
202309010608
202309010609
202309010610
202309010611
202309010612
202310010701
202310010702
202310010703
202310010704
202310010705
202310010706
202310010707
202310010708
202310010709
202310010710
202310010711
202310010712
202310010801
202310010802
202310010803
202310010804
202310010805
202310010806
202310010807
202310010808
202310010809
202310010810
202310010811
202310010812
202310020101
202310020102
202310020103
202310020104
202310020105
202310020106
202310020107
202310020108
202310020109
202310020110
202310020111
202310020112
202310020201
202310020202
202310020203
202310020204
202310020205
202310020206
202310020207
202310020208
202310020209
202310020210
202310020211
202310020212
202310020301
202310020302
202310020303
202310020304
202310020305
202310020306
202310020307
202310020308
202310020309
202310020310
202310020311
202310020312
202310020401
202310020402
202310020403
202310020404
202310020405
202310020406
202310020407
202310020408
202310020409
202310020410
202310020411
202310020412
202310020501
202310020502
202310020503
202310020504
202310020505
202310020506
202310020507
202310020508
202310020509
202310020510
202310020511
202310020512
202310020601
202310020602
202310020603
202310020604
202310020605
202310020606
202310020607
202310020608
202310020609
202310020610
202310020611
202310020612
202354020501
202354020502
202354020503
202354020504
202354020505
202354020506
202354020507
202354020508
202354020509
202354020510
202354021201
202354021202
202354021203
202354021204
202354021205
202354021206
202354021207
202354021208
202354021209
202354021901
202354021902
202354021903
202354021904
202354021905
202354021906
202354021907
202354021908
202354021909
202354021910
202354022601
202354022602
202354022603
202354022604
202354022605
202354022606
202354022607
202354022608
202354022609
202354022610
202355020401
202355020402
202355020403
202355020404
202355020405
202355020406
202355020407
202355020408
202355020409
202355020410
202355020411
202355020412
202355020501
202355020502
202355020503
202355020504
202355020505
202355020506
202355020507
202355020508
202355020509
202355020510
202355020511
202355021101
202355021102
202355021103
202355021104
202355021105
202355021106
202355021107
202355021108
202355021109
202355021110
202355021111
202355021201
202355021202
202355021203
202355021204
202355021205
202355021206
202355021207
202355021208
202355021209
202355021210
202355021211
202355021801
202355021802
202355021803
202355021804
202355021805
202355021806
202355021807
202355021808
202355021809
202355021810
202355021811
202355021812
202355021901
202355021902
202355021903
202355021904
202355021905
202355021906
202355021907
202355021908
202355021909
202355021910
202355021911
202355022501
202355022502
202355022503
202355022504
202355022505
202355022506
202355022507
202355022508
202355022509
202355022510
202355022511
202355022601
202355022602
202355022603
202355022604
202355022605
202355022606
202355022607
202355022608
202355022609
202355022610
202355022611
202365020401
202365020402
202365020403
202365020404
202365020405
202365020406
202365020407
202365020408
202365020409
202365020410
202365020411
202365020412
202365020501
202365020502
202365020503
202365020504
202365020505
202365020506
202365020507
202365020508
202365020509
202365020510
202365020511
202365020512
202365021101
202365021102
202365021103
202365021104
202365021105
202365021106
202365021107
202365021108
202365021109
202365021110
202365021111
202365021112
202365021201
202365021202
202365021203
202365021204
202365021205
202365021206
202365021207
202365021208
202365021209
202365021210
202365021211
202365021212
202365021801
202365021802
202365021803
202365021804
202365021805
202365021806
202365021807
202365021808
202365021809
202365021810
202365021811
202365021812
202365021901
202365021902
202365021903
202365021904
202365021905
202365021906
202365021907
202365021908
202365021909
202365021910
202365021911
202365021912
202365022501
202365022502
202365022503
202365022504
202365022505
202365022506
202365022507
202365022508
202365022509
202365022510
202365022511
202365022512
202365022601
202365022602
202365022603
202365022604
202365022605
202365022606
202365022607
202365022608
202365022609
202365022610
202365022611
202365022612