202301020701
202301020702
202301020703
202301020704
202301020705
202301020706
202301020707
202301020708
202301020709
202301020710
202301020711
202301020712
202301020801
202301020802
202301020803
202301020804
202301020805
202301020806
202301020807
202301020808
202301020809
202301020810
202301020811
202301020812
202304030701
202304030702
202304030703
202304030704
202304030705
202304030706
202304030707
202304030708
202304030709
202304030710
202304030711
202304030712
202304030801
202304030802
202304030803
202304030804
202304030805
202304030806
202304030807
202304030808
202304030809
202304030810
202304030811
202304030812
202306040101
202306040102
202306040103
202306040104
202306040105
202306040106
202306040107
202306040108
202306040109
202306040110
202306040111
202306040112
202306040201
202306040202
202306040203
202306040204
202306040205
202306040206
202306040207
202306040208
202306040209
202306040210
202306040211
202306040212
202306040301
202306040302
202306040303
202306040304
202306040305
202306040306
202306040307
202306040308
202306040309
202306040310
202306040311
202306040312
202306040401
202306040402
202306040403
202306040404
202306040405
202306040406
202306040407
202306040408
202306040409
202306040410
202306040411
202306040412
202306040501
202306040502
202306040503
202306040504
202306040505
202306040506
202306040507
202306040508
202306040509
202306040510
202306040511
202306040512
202306040601
202306040602
202306040603
202306040604
202306040605
202306040606
202306040607
202306040608
202306040609
202306040610
202306040611
202306040612
202306040701
202306040702
202306040703
202306040704
202306040705
202306040706
202306040707
202306040708
202306040709
202306040710
202306040711
202306040712
202306040801
202306040802
202306040803
202306040804
202306040805
202306040806
202306040807
202306040808
202306040809
202306040810
202306040811
202306040812
202309040101
202309040102
202309040103
202309040104
202309040105
202309040106
202309040107
202309040108
202309040109
202309040110
202309040111
202309040112
202309040201
202309040202
202309040203
202309040204
202309040205
202309040206
202309040207
202309040208
202309040209
202309040210
202309040211
202309040212
202309040301
202309040302
202309040303
202309040304
202309040305
202309040306
202309040307
202309040308
202309040309
202309040310
202309040311
202309040312
202309040401
202309040402
202309040403
202309040404
202309040405
202309040406
202309040407
202309040408
202309040409
202309040410
202309040411
202309040412
202309040501
202309040502
202309040503
202309040504
202309040505
202309040506
202309040507
202309040508
202309040509
202309040510
202309040511
202309040512
202309040601
202309040602
202309040603
202309040604
202309040605
202309040606
202309040607
202309040608
202309040609
202309040610
202309040611
202309040612
202309040701
202309040702
202309040703
202309040704
202309040705
202309040706
202309040707
202309040708
202309040709
202309040710
202309040711
202309040712
202309040801
202309040802
202309040803
202309040804
202309040805
202309040806
202309040807
202309040808
202309040809
202309040810
202309040811
202309040812
202310030701
202310030702
202310030703
202310030704
202310030705
202310030706
202310030707
202310030708
202310030709
202310030710
202310030711
202310030712
202310030801
202310030802
202310030803
202310030804
202310030805
202310030806
202310030807
202310030808
202310030809
202310030810
202310030811
202310030812
202335091701
202335091702
202335091703
202335091704
202335091705
202335091706
202335091707
202335091708
202335091709
202335091710
202335091711
202335091801
202335091802
202335091803
202335091804
202335091805
202335091806
202335091807
202335091808
202335091809
202335091810
202335091811
202335091812
202335092401
202335092402
202335092403
202335092404
202335092405
202335092406
202335092407
202335092408
202335092409
202335092410
202335092411
202336090301
202336090302
202336090303
202336090304
202336090305
202336090306
202336090307
202336090308
202336090309
202336090310
202336090311
202336090312
202336091001
202336091002
202336091003
202336091004
202336091005
202336091006
202336091007
202336091008
202336091009
202336091010
202336091011
202344091701
202344091702
202344091703
202344091704
202344091705
202344091706
202344091707
202344091708
202344091709
202344091710
202344091711
202344091712
202344091801
202344091802
202344091803
202344091804
202344091805
202344091806
202344091807
202344091808
202344091809
202344091810
202344091811
202344091812
202346090301
202346090302
202346090303
202346090304
202346090305
202346090306
202346090307
202346090308
202346090309
202346090310
202346090311
202346090312
202346091001
202346091002
202346091003
202346091004
202346091005
202346091006
202346091007
202346091008
202346091009
202346091010
202346091011
202346091601
202346091602
202346091603
202346091604
202346091605
202346091606
202346091607
202346091608
202346091609
202346091610
202346091611
202346091612
202346092401
202346092402
202346092403
202346092404
202346092405
202346092406
202346092407
202346092408
202346092409
202346092410
202346092411
202346092412
202354090201
202354090202
202354090203
202354090204
202354090205
202354090206
202354090207
202354090208
202354090209
202354090210
202354090211
202354090301
202354090302
202354090303
202354090304
202354090305
202354090306
202354090307
202354090308
202354090309
202354090310
202354090311
202354090901
202354090902
202354090903
202354090904
202354090905
202354090906
202354090907
202354090908
202354090909
202354090910
202354090911
202354090912
202354091001
202354091002
202354091003
202354091004
202354091005
202354091006
202354091007
202354091008
202354091009
202354091010
202354091011
202354091012
202354091701
202354091702
202354091703
202354091704
202354091705
202354091706
202354091707
202354091708
202354091709
202354091710
202354091711
202354091801
202354091802
202354091803
202354091804
202354091805
202354091806
202354091807
202354091808
202354091809
202354091810
202354091811
202354091812
202354093001
202354093002
202354093003
202354093004
202354093005
202354093006
202354093007
202354093008
202354093009
202354093010
202354093011
202355090201
202355090202
202355090203
202355090204
202355090205
202355090206
202355090207
202355090208
202355090209
202355090210
202355090211
202355090212
202355090301
202355090302
202355090303
202355090304
202355090305
202355090306
202355090307
202355090308
202355090309
202355090310
202355090311
202355091001
202355091002
202355091003
202355091004
202355091005
202355091006
202355091007
202355091008
202355091009
202355091010
202355091011
202355091601
202355091602
202355091603
202355091604
202355091605
202355091606
202355091607
202355091608
202355091609
202355091610
202355091611
202355091612
202355091701
202355091702
202355091703
202355091704
202355091705
202355091706
202355091707
202355091708
202355091709
202355091710
202355091711
202355091801
202355091802
202355091803
202355091804
202355091805
202355091806
202355091807
202355091808
202355091809
202355091810
202355092301
202355092302
202355092303
202355092304
202355092305
202355092306
202355092307
202355092308
202355092309
202355092310
202355092311
202355092312
202355092401
202355092402
202355092403
202355092404
202355092405
202355092406
202355092407
202355092408
202355092409
202355092410
202355092411
202365090201
202365090202
202365090203
202365090204
202365090205
202365090206
202365090207
202365090208
202365090209
202365090210
202365090211
202365090212
202365090301
202365090302
202365090303
202365090304
202365090305
202365090306
202365090307
202365090308
202365090309
202365090310
202365090311
202365090312
202365090901
202365090902
202365090903
202365090904
202365090905
202365090906
202365090907
202365090908
202365090909
202365090910
202365090911
202365090912
202365091001
202365091002
202365091003
202365091004
202365091005
202365091006
202365091007
202365091008
202365091009
202365091010
202365091011
202365091012
202365091601
202365091602
202365091603
202365091604
202365091605
202365091606
202365091607
202365091608
202365091609
202365091610
202365091611
202365091612
202365091701
202365091702
202365091703
202365091704
202365091705
202365091706
202365091707
202365091708
202365091709
202365091710
202365091711
202365091712
202365091801
202365091802
202365091803
202365091804
202365091805
202365091806
202365091807
202365091808
202365091809
202365091810
202365091811
202365091812
202365092301
202365092302
202365092303
202365092304
202365092305
202365092306
202365092307
202365092308
202365092309
202365092310
202365092311
202365092312
202365092401
202365092402
202365092403
202365092404
202365092405
202365092406
202365092407
202365092408
202365092409
202365092410
202365092411
202365092412
202365093001
202365093002
202365093003
202365093004
202365093005
202365093006
202365093007
202365093008
202365093009
202365093010
202365093011
202365093012