202303010101
202303010102
202303010103
202303010104
202303010105
202303010106
202303010107
202303010108
202303010109
202303010110
202303010111
202303010112
202303010201
202303010202
202303010203
202303010204
202303010205
202303010206
202303010207
202303010208
202303010209
202303010210
202303010211
202303010212
202303010301
202303010302
202303010303
202303010304
202303010305
202303010306
202303010307
202303010308
202303010309
202303010310
202303010311
202303010312
202303010401
202303010402
202303010403
202303010404
202303010405
202303010406
202303010407
202303010408
202303010409
202303010410
202303010411
202303010412
202303010501
202303010502
202303010503
202303010504
202303010505
202303010506
202303010507
202303010508
202303010509
202303010510
202303010511
202303010512
202303010601
202303010602
202303010603
202303010604
202303010605
202303010606
202303010607
202303010608
202303010609
202303010610
202303010611
202303010612
202304010101
202304010102
202304010103
202304010104
202304010105
202304010106
202304010107
202304010108
202304010109
202304010110
202304010111
202304010112
202304010201
202304010202
202304010203
202304010204
202304010205
202304010206
202304010207
202304010208
202304010209
202304010210
202304010211
202304010212
202305020101
202305020102
202305020103
202305020104
202305020105
202305020106
202305020107
202305020108
202305020109
202305020110
202305020111
202305020112
202305020201
202305020202
202305020203
202305020204
202305020205
202305020206
202305020207
202305020208
202305020209
202305020210
202305020211
202305020212
202305020301
202305020302
202305020303
202305020304
202305020305
202305020306
202305020307
202305020308
202305020309
202305020310
202305020311
202305020312
202305020401
202305020402
202305020403
202305020404
202305020405
202305020406
202305020407
202305020408
202305020409
202305020410
202305020411
202305020412
202306030301
202306030302
202306030303
202306030304
202306030305
202306030306
202306030307
202306030308
202306030309
202306030310
202306030311
202306030312
202306030401
202306030402
202306030403
202306030404
202306030405
202306030406
202306030407
202306030408
202306030409
202306030410
202306030411
202306030412
202306030501
202306030502
202306030503
202306030504
202306030505
202306030506
202306030507
202306030508
202306030509
202306030510
202306030511
202306030512
202306030601
202306030602
202306030603
202306030604
202306030605
202306030606
202306030607
202306030608
202306030609
202306030610
202306030611
202306030612
202306030701
202306030702
202306030703
202306030704
202306030705
202306030706
202306030707
202306030708
202306030709
202306030710
202306030711
202306030712
202306030801
202306030802
202306030803
202306030804
202306030805
202306030806
202306030807
202306030808
202306030809
202306030810
202306030811
202306030812
202308010101
202308010102
202308010103
202308010104
202308010105
202308010106
202308010107
202308010108
202308010109
202308010110
202308010111
202308010112
202308010201
202308010202
202308010203
202308010204
202308010205
202308010206
202308010207
202308010208
202308010209
202308010210
202308010211
202308010212
202308010301
202308010302
202308010303
202308010304
202308010305
202308010306
202308010307
202308010308
202308010309
202308010310
202308010311
202308010312
202308010401
202308010402
202308010403
202308010404
202308010405
202308010406
202308010407
202308010408
202308010409
202308010410
202308010411
202308010412
202309020301
202309020302
202309020303
202309020304
202309020305
202309020306
202309020307
202309020308
202309020309
202309020310
202309020311
202309020312
202309020401
202309020402
202309020403
202309020404
202309020405
202309020406
202309020407
202309020408
202309020409
202309020410
202309020411
202309020412
202309020501
202309020502
202309020503
202309020504
202309020505
202309020506
202309020507
202309020508
202309020509
202309020510
202309020511
202309020512
202309020601
202309020602
202309020603
202309020604
202309020605
202309020606
202309020607
202309020608
202309020609
202309020610
202309020611
202309020612
202309020701
202309020702
202309020703
202309020704
202309020705
202309020706
202309020707
202309020708
202309020709
202309020710
202309020711
202309020712
202309020801
202309020802
202309020803
202309020804
202309020805
202309020806
202309020807
202309020808
202309020809
202309020810
202309020811
202309020812
202335043001
202335043002
202335043003
202335043004
202335043005
202335043006
202335043007
202335043008
202335043009
202335043010
202335043011
202336040201
202336040202
202336040203
202336040204
202336040205
202336040206
202336040207
202336040208
202336040209
202336040210
202336040211
202336040901
202336040902
202336040903
202336040904
202336040905
202336040906
202336040907
202336040908
202336040909
202336040910
202336040911
202336040912
202336041601
202336041602
202336041603
202336041604
202336041605
202336041606
202336041607
202336041608
202336041609
202336041610
202336041611
202336042301
202336042302
202336042303
202336042304
202336042305
202336042306
202336042307
202336042308
202336042309
202336042310
202336042311
202346040201
202346040202
202346040203
202346040204
202346040205
202346040206
202346040207
202346040208
202346040209
202346040210
202346040211
202346040901
202346040902
202346040903
202346040904
202346040905
202346040906
202346040907
202346040908
202346040909
202346040910
202346040911
202346042301
202346042302
202346042303
202346042304
202346042305
202346042306
202346042307
202346042308
202346042309
202346042310
202346042311
202354040801
202354040802
202354040803
202354040804
202354040805
202354040806
202354040807
202354040808
202354040809
202354040810
202354040811
202354040901
202354040902
202354040903
202354040904
202354040905
202354040906
202354040907
202354040908
202354040909
202354040910
202354040911
202354040912
202354041501
202354041502
202354041503
202354041504
202354041505
202354041506
202354041507
202354041508
202354041509
202354041510
202354041511
202354041512
202354041601
202354041602
202354041603
202354041604
202354041605
202354041606
202354041607
202354041608
202354041609
202354041610
202354041611
202354041612
202354042201
202354042202
202354042203
202354042204
202354042205
202354042206
202354042207
202354042208
202354042209
202354042210
202354042211
202354042301
202354042302
202354042303
202354042304
202354042305
202354042306
202354042307
202354042308
202354042309
202354042310
202354042311
202354042901
202354042902
202354042903
202354042904
202354042905
202354042906
202354042907
202354042908
202354042909
202354042910
202354042911
202354043001
202354043002
202354043003
202354043004
202354043005
202354043006
202354043007
202354043008
202354043009
202354043010
202354043011
202354043012
202355040101
202355040102
202355040103
202355040104
202355040105
202355040106
202355040107
202355040108
202355040109
202355040110
202355040111
202355040201
202355040202
202355040203
202355040204
202355040205
202355040206
202355040207
202355040208
202355040209
202355040210
202355040211
202355040801
202355040802
202355040803
202355040804
202355040805
202355040806
202355040807
202355040808
202355040809
202355040810
202355040811
202355040901
202355040902
202355040903
202355040904
202355040905
202355040906
202355040907
202355040908
202355040909
202355040910
202355040911
202355041601
202355041602
202355041603
202355041604
202355041605
202355041606
202355041607
202355041608
202355041609
202355041610
202355041611
202355042201
202355042202
202355042203
202355042204
202355042205
202355042206
202355042207
202355042208
202355042209
202355042210
202355042211
202355042301
202355042302
202355042303
202355042304
202355042305
202355042306
202355042307
202355042308
202355042309
202355042310
202355042311
202355042901
202355042902
202355042903
202355042904
202355042905
202355042906
202355042907
202355042908
202355042909
202355042910
202355042911
202355043001
202355043002
202355043003
202355043004
202355043005
202355043006
202355043007
202355043008
202355043009
202355043010
202355043011
202365042201
202365042202
202365042203
202365042204
202365042205
202365042206
202365042207
202365042208
202365042209
202365042210
202365042211
202365042212
202365042301
202365042302
202365042303
202365042304
202365042305
202365042306
202365042307
202365042308
202365042309
202365042310
202365042311
202365042312
202365042901
202365042902
202365042903
202365042904
202365042905
202365042906
202365042907
202365042908
202365042909
202365042910
202365042911
202365042912
202365043001
202365043002
202365043003
202365043004
202365043005
202365043006
202365043007
202365043008
202365043009
202365043010
202365043011
202365043012