202304040101
202304040102
202304040103
202304040104
202304040105
202304040106
202304040107
202304040108
202304040109
202304040110
202304040111
202304040112
202304040201
202304040202
202304040203
202304040204
202304040205
202304040206
202304040207
202304040208
202304040209
202304040210
202304040211
202304040212
202304040301
202304040302
202304040303
202304040304
202304040305
202304040306
202304040307
202304040308
202304040309
202304040310
202304040311
202304040312
202304040401
202304040402
202304040403
202304040404
202304040405
202304040406
202304040407
202304040408
202304040409
202304040410
202304040411
202304040412
202304040501
202304040502
202304040503
202304040504
202304040505
202304040506
202304040507
202304040508
202304040509
202304040510
202304040511
202304040512
202304040601
202304040602
202304040603
202304040604
202304040605
202304040606
202304040607
202304040608
202304040609
202304040610
202304040611
202304040612
202305040101
202305040102
202305040103
202305040104
202305040105
202305040106
202305040107
202305040108
202305040109
202305040110
202305040111
202305040112
202305040201
202305040202
202305040203
202305040204
202305040205
202305040206
202305040207
202305040208
202305040209
202305040210
202305040211
202305040212
202305040301
202305040302
202305040303
202305040304
202305040305
202305040306
202305040307
202305040308
202305040309
202305040310
202305040311
202305040312
202305040401
202305040402
202305040403
202305040404
202305040405
202305040406
202305040407
202305040408
202305040409
202305040410
202305040411
202305040412
202305040501
202305040502
202305040503
202305040504
202305040505
202305040506
202305040507
202305040508
202305040509
202305040510
202305040511
202305040512
202305040601
202305040602
202305040603
202305040604
202305040605
202305040606
202305040607
202305040608
202305040609
202305040610
202305040611
202305040612
202305040701
202305040702
202305040703
202305040704
202305040705
202305040706
202305040707
202305040708
202305040709
202305040710
202305040711
202305040712
202305040801
202305040802
202305040803
202305040804
202305040805
202305040806
202305040807
202305040808
202305040809
202305040810
202305040811
202305040812
202305040901
202305040902
202305040903
202305040904
202305040905
202305040906
202305040907
202305040908
202305040909
202305040910
202305040911
202305040912
202306040901
202306040902
202306040903
202306040904
202306040905
202306040906
202306040907
202306040908
202306040909
202306040910
202306040911
202306040912
202308020101
202308020102
202308020103
202308020104
202308020105
202308020106
202308020107
202308020108
202308020109
202308020110
202308020111
202308020112
202308020201
202308020202
202308020203
202308020204
202308020205
202308020206
202308020207
202308020208
202308020209
202308020210
202308020211
202308020212
202308020301
202308020302
202308020303
202308020304
202308020305
202308020306
202308020307
202308020308
202308020309
202308020310
202308020311
202308020312
202308020401
202308020402
202308020403
202308020404
202308020405
202308020406
202308020407
202308020408
202308020409
202308020410
202308020411
202308020412
202308020501
202308020502
202308020503
202308020504
202308020505
202308020506
202308020507
202308020508
202308020509
202308020510
202308020511
202308020512
202308020601
202308020602
202308020603
202308020604
202308020605
202308020606
202308020607
202308020608
202308020609
202308020610
202308020611
202308020612
202308020701
202308020702
202308020703
202308020704
202308020705
202308020706
202308020707
202308020708
202308020709
202308020710
202308020711
202308020712
202308020801
202308020802
202308020803
202308020804
202308020805
202308020806
202308020807
202308020808
202308020809
202308020810
202308020811
202308020812
202308020901
202308020902
202308020903
202308020904
202308020905
202308020906
202308020907
202308020908
202308020909
202308020910
202308020911
202308020912
202309040901
202309040902
202309040903
202309040904
202309040905
202309040906
202309040907
202309040908
202309040909
202309040910
202309040911
202309040912
202335100101
202335100102
202335100103
202335100104
202335100105
202335100106
202335100107
202335100108
202335100109
202335100110
202335100111
202335100801
202335100802
202335100803
202335100804
202335100805
202335100806
202335100807
202335100808
202335100809
202335100810
202335100811
202335100812
202335100901
202335100902
202335100903
202335100904
202335100905
202335100906
202335100907
202335100908
202335100909
202335100910
202335100911
202335100912
202335101501
202335101502
202335101503
202335101504
202335101505
202335101506
202335101507
202335101508
202335101509
202335101510
202335101511
202335101512
202335102201
202335102202
202335102203
202335102204
202335102205
202335102206
202335102207
202335102208
202335102209
202335102210
202335102211
202335102901
202335102902
202335102903
202335102904
202335102905
202335102906
202335102907
202335102908
202335102909
202335102910
202335102911
202335102912
202344102901
202344102902
202344102903
202344102904
202344102905
202344102906
202344102907
202344102908
202344102909
202344102910
202345100901
202345100902
202345100903
202345100904
202345100905
202345100906
202345100907
202345100908
202345100909
202345100910
202345100911
202346100801
202346100802
202346100803
202346100804
202346100805
202346100806
202346100807
202346100808
202346100809
202346100810
202346100811
202346100812
202346101501
202346101502
202346101503
202346101504
202346101505
202346101506
202346101507
202346101508
202346101509
202346101510
202346101511
202346102201
202346102202
202346102203
202346102204
202346102205
202346102206
202346102207
202346102208
202346102209
202346102210
202346102211
202354100101
202354100102
202354100103
202354100104
202354100105
202354100106
202354100107
202354100108
202354100109
202354100110
202354100111
202354100701
202354100702
202354100703
202354100704
202354100705
202354100706
202354100707
202354100708
202354100709
202354100710
202354100711
202354100801
202354100802
202354100803
202354100804
202354100805
202354100806
202354100807
202354100808
202354100809
202354100810
202354100811
202354100812
202354101401
202354101402
202354101403
202354101404
202354101405
202354101406
202354101407
202354101408
202354101409
202354101410
202354101411
202354101412
202354101501
202354101502
202354101503
202354101504
202354101505
202354101506
202354101507
202354101508
202354101509
202354101510
202354101511
202354101512
202354102101
202354102102
202354102103
202354102104
202354102105
202354102106
202354102107
202354102108
202354102109
202354102110
202354102111
202354102112
202354102201
202354102202
202354102203
202354102204
202354102205
202354102206
202354102207
202354102208
202354102209
202354102210
202354102211
202354102801
202354102802
202354102803
202354102804
202354102805
202354102806
202354102807
202354102808
202354102809
202354102810
202354102811
202354102812
202354102901
202354102902
202354102903
202354102904
202354102905
202354102906
202354102907
202354102908
202354102909
202354102910
202354102911
202354102912
202355100101
202355100102
202355100103
202355100104
202355100105
202355100106
202355100107
202355100108
202355100109
202355100110
202355100111
202355100701
202355100702
202355100703
202355100704
202355100705
202355100706
202355100707
202355100708
202355100709
202355100710
202355100711
202355100801
202355100802
202355100803
202355100804
202355100805
202355100806
202355100807
202355100808
202355100809
202355100810
202355100811
202355101401
202355101402
202355101403
202355101404
202355101405
202355101406
202355101407
202355101408
202355101409
202355101410
202355101411
202355101501
202355101502
202355101503
202355101504
202355101505
202355101506
202355101507
202355101508
202355101509
202355101510
202355101511
202355102101
202355102102
202355102103
202355102104
202355102105
202355102106
202355102107
202355102108
202355102109
202355102110
202355102111
202355102112
202355102201
202355102202
202355102203
202355102204
202355102205
202355102206
202355102207
202355102208
202355102209
202355102210
202355102211
202355102212
202355102801
202355102802
202355102803
202355102804
202355102805
202355102806
202355102807
202355102808
202355102809
202355102810
202355102811
202355102812
202355102901
202355102902
202355102903
202355102904
202355102905
202355102906
202355102907
202355102908
202355102909
202355102910
202365100101
202365100102
202365100103
202365100104
202365100105
202365100106
202365100107
202365100108
202365100109
202365100110
202365100111
202365100112
202365100701
202365100702
202365100703
202365100704
202365100705
202365100706
202365100707
202365100708
202365100709
202365100710
202365100711
202365100712
202365100801
202365100802
202365100803
202365100804
202365100805
202365100806
202365100807
202365100808
202365100809
202365100810
202365100811
202365100812
202365100901
202365100902
202365100903
202365100904
202365100905
202365100906
202365100907
202365100908
202365100909
202365100910
202365100911
202365100912
202365101401
202365101402
202365101403
202365101404
202365101405
202365101406
202365101407
202365101408
202365101409
202365101410
202365101411
202365101412
202365101501
202365101502
202365101503
202365101504
202365101505
202365101506
202365101507
202365101508
202365101509
202365101510
202365101511
202365101512
202365102101
202365102102
202365102103
202365102104
202365102105
202365102106
202365102107
202365102108
202365102109
202365102110
202365102111
202365102112
202365102201
202365102202
202365102203
202365102204
202365102205
202365102206
202365102207
202365102208
202365102209
202365102210
202365102211
202365102212
202365102801
202365102802
202365102803
202365102804
202365102805
202365102806
202365102807
202365102808
202365102809
202365102810
202365102811
202365102812
202365102901
202365102902
202365102903
202365102904
202365102905
202365102906
202365102907
202365102908
202365102909
202365102910
202365102911
202365102912