202304010301
202304010302
202304010303
202304010304
202304010305
202304010306
202304010307
202304010308
202304010309
202304010310
202304010311
202304010312
202304010401
202304010402
202304010403
202304010404
202304010405
202304010406
202304010407
202304010408
202304010409
202304010410
202304010411
202304010412
202304010501
202304010502
202304010503
202304010504
202304010505
202304010506
202304010507
202304010508
202304010509
202304010510
202304010511
202304010512
202304010601
202304010602
202304010603
202304010604
202304010605
202304010606
202304010607
202304010608
202304010609
202304010610
202304010611
202304010612
202304010701
202304010702
202304010703
202304010704
202304010705
202304010706
202304010707
202304010708
202304010709
202304010710
202304010711
202304010712
202304010801
202304010802
202304010803
202304010804
202304010805
202304010806
202304010807
202304010808
202304010809
202304010810
202304010811
202304010812
202305020501
202305020502
202305020503
202305020504
202305020505
202305020506
202305020507
202305020508
202305020509
202305020510
202305020511
202305020512
202305020601
202305020602
202305020603
202305020604
202305020605
202305020606
202305020607
202305020608
202305020609
202305020610
202305020611
202305020612
202305020701
202305020702
202305020703
202305020704
202305020705
202305020706
202305020707
202305020708
202305020709
202305020710
202305020711
202305020712
202305020801
202305020802
202305020803
202305020804
202305020805
202305020806
202305020807
202305020808
202305020809
202305020810
202305020811
202305020812
202305020901
202305020902
202305020903
202305020904
202305020905
202305020906
202305020907
202305020908
202305020909
202305020910
202305020911
202305020912
202305021001
202305021002
202305021003
202305021004
202305021005
202305021006
202305021007
202305021008
202305021009
202305021010
202305021011
202305021012
202305021101
202305021102
202305021103
202305021104
202305021105
202305021106
202305021107
202305021108
202305021109
202305021110
202305021111
202305021112
202305021201
202305021202
202305021203
202305021204
202305021205
202305021206
202305021207
202305021208
202305021209
202305021210
202305021211
202305021212
202308010501
202308010502
202308010503
202308010504
202308010505
202308010506
202308010507
202308010508
202308010509
202308010510
202308010511
202308010512
202308010601
202308010602
202308010603
202308010604
202308010605
202308010606
202308010607
202308010608
202308010609
202308010610
202308010611
202308010612
202308010701
202308010702
202308010703
202308010704
202308010705
202308010706
202308010707
202308010708
202308010709
202308010710
202308010711
202308010712
202308010801
202308010802
202308010803
202308010804
202308010805
202308010806
202308010807
202308010808
202308010809
202308010810
202308010811
202308010812
202308010901
202308010902
202308010903
202308010904
202308010905
202308010906
202308010907
202308010908
202308010909
202308010910
202308010911
202308010912
202308011001
202308011002
202308011003
202308011004
202308011005
202308011006
202308011007
202308011008
202308011009
202308011010
202308011011
202308011012
202308011101
202308011102
202308011103
202308011104
202308011105
202308011106
202308011107
202308011108
202308011109
202308011110
202308011111
202308011112
202308011201
202308011202
202308011203
202308011204
202308011205
202308011206
202308011207
202308011208
202308011209
202308011210
202308011211
202308011212
202335050701
202335050702
202335050703
202335050704
202335050705
202335050706
202335050707
202335050708
202335050709
202335050710
202335050711
202335051401
202335051402
202335051403
202335051404
202335051405
202335051406
202335051407
202335051408
202335051409
202335051410
202335051411
202335052101
202335052102
202335052103
202335052104
202335052105
202335052106
202335052107
202335052108
202335052109
202335052110
202335052111
202336052801
202336052802
202336052803
202336052804
202336052805
202336052806
202336052807
202336052808
202336052809
202336052810
202336052811
202346050701
202346050702
202346050703
202346050704
202346050705
202346050706
202346050707
202346050708
202346050709
202346050710
202346050711
202346051401
202346051402
202346051403
202346051404
202346051405
202346051406
202346051407
202346051408
202346051409
202346051410
202346051411
202346052101
202346052102
202346052103
202346052104
202346052105
202346052106
202346052107
202346052108
202346052109
202346052110
202346052111
202346052801
202346052802
202346052803
202346052804
202346052805
202346052806
202346052807
202346052808
202346052809
202346052810
202346052811
202354050601
202354050602
202354050603
202354050604
202354050605
202354050606
202354050607
202354050608
202354050609
202354050610
202354050611
202354050701
202354050702
202354050703
202354050704
202354050705
202354050706
202354050707
202354050708
202354050709
202354050710
202354050711
202354051301
202354051302
202354051303
202354051304
202354051305
202354051306
202354051307
202354051308
202354051309
202354051310
202354051311
202354051401
202354051402
202354051403
202354051404
202354051405
202354051406
202354051407
202354051408
202354051409
202354051410
202354051411
202354051412
202354052001
202354052002
202354052003
202354052004
202354052005
202354052006
202354052007
202354052008
202354052009
202354052010
202354052011
202354052101
202354052102
202354052103
202354052104
202354052105
202354052106
202354052107
202354052108
202354052109
202354052110
202354052111
202354052801
202354052802
202354052803
202354052804
202354052805
202354052806
202354052807
202354052808
202354052809
202354052810
202354052811
202354052812
202355050601
202355050602
202355050603
202355050604
202355050605
202355050606
202355050607
202355050608
202355050609
202355050610
202355050611
202355050701
202355050702
202355050703
202355050704
202355050705
202355050706
202355050707
202355050708
202355050709
202355050710
202355050711
202355051301
202355051302
202355051303
202355051304
202355051305
202355051306
202355051307
202355051308
202355051309
202355051310
202355051311
202355051401
202355051402
202355051403
202355051404
202355051405
202355051406
202355051407
202355051408
202355051409
202355051410
202355051411
202355052001
202355052002
202355052003
202355052004
202355052005
202355052006
202355052007
202355052008
202355052009
202355052010
202355052011
202355052101
202355052102
202355052103
202355052104
202355052105
202355052106
202355052107
202355052108
202355052109
202355052110
202355052111
202355052701
202355052702
202355052703
202355052704
202355052705
202355052706
202355052707
202355052708
202355052709
202355052710
202355052711
202355052801
202355052802
202355052803
202355052804
202355052805
202355052806
202355052807
202355052808
202355052809
202355052810
202355052811
202365050601
202365050602
202365050603
202365050604
202365050605
202365050606
202365050607
202365050608
202365050609
202365050610
202365050611
202365050612
202365050701
202365050702
202365050703
202365050704
202365050705
202365050706
202365050707
202365050708
202365050709
202365050710
202365050711
202365050712
202365051301
202365051302
202365051303
202365051304
202365051305
202365051306
202365051307
202365051308
202365051309
202365051310
202365051311
202365051312
202365051401
202365051402
202365051403
202365051404
202365051405
202365051406
202365051407
202365051408
202365051409
202365051410
202365051411
202365051412
202365052001
202365052002
202365052003
202365052004
202365052005
202365052006
202365052007
202365052008
202365052009
202365052010
202365052011
202365052012
202365052101
202365052102
202365052103
202365052104
202365052105
202365052106
202365052107
202365052108
202365052109
202365052110
202365052111
202365052112
202365052701
202365052702
202365052703
202365052704
202365052705
202365052706
202365052707
202365052708
202365052709
202365052710
202365052711
202365052712
202365052801
202365052802
202365052803
202365052804
202365052805
202365052806
202365052807
202365052808
202365052809
202365052810
202365052811
202365052812