202301010501
202301010502
202301010503
202301010504
202301010505
202301010506
202301010507
202301010508
202301010509
202301010510
202301010511
202301010512
202301010601
202301010602
202301010603
202301010604
202301010605
202301010606
202301010607
202301010608
202301010609
202301010610
202301010611
202301010612
202301020101
202301020102
202301020103
202301020104
202301020105
202301020106
202301020107
202301020108
202301020109
202301020110
202301020111
202301020112
202301020201
202301020202
202301020203
202301020204
202301020205
202301020206
202301020207
202301020208
202301020209
202301020210
202301020211
202301020212
202301020301
202301020302
202301020303
202301020304
202301020305
202301020306
202301020307
202301020308
202301020309
202301020310
202301020311
202301020312
202301020401
202301020402
202301020403
202301020404
202301020405
202301020406
202301020407
202301020408
202301020409
202301020410
202301020411
202301020412
202301020501
202301020502
202301020503
202301020504
202301020505
202301020506
202301020507
202301020508
202301020509
202301020510
202301020511
202301020512
202301020601
202301020602
202301020603
202301020604
202301020605
202301020606
202301020607
202301020608
202301020609
202301020610
202301020611
202301020612
202304020301
202304020302
202304020303
202304020304
202304020305
202304020306
202304020307
202304020308
202304020309
202304020310
202304020311
202304020312
202304020401
202304020402
202304020403
202304020404
202304020405
202304020406
202304020407
202304020408
202304020409
202304020410
202304020411
202304020412
202304030101
202304030102
202304030103
202304030104
202304030105
202304030106
202304030107
202304030108
202304030109
202304030110
202304030111
202304030112
202304030201
202304030202
202304030203
202304030204
202304030205
202304030206
202304030207
202304030208
202304030209
202304030210
202304030211
202304030212
202304030301
202304030302
202304030303
202304030304
202304030305
202304030306
202304030307
202304030308
202304030309
202304030310
202304030311
202304030312
202304030401
202304030402
202304030403
202304030404
202304030405
202304030406
202304030407
202304030408
202304030409
202304030410
202304030411
202304030412
202304030501
202304030502
202304030503
202304030504
202304030505
202304030506
202304030507
202304030508
202304030509
202304030510
202304030511
202304030512
202304030601
202304030602
202304030603
202304030604
202304030605
202304030606
202304030607
202304030608
202304030609
202304030610
202304030611
202304030612
202310030101
202310030102
202310030103
202310030104
202310030105
202310030106
202310030107
202310030108
202310030109
202310030110
202310030111
202310030112
202310030201
202310030202
202310030203
202310030204
202310030205
202310030206
202310030207
202310030208
202310030209
202310030210
202310030211
202310030212
202310030301
202310030302
202310030303
202310030304
202310030305
202310030306
202310030307
202310030308
202310030309
202310030310
202310030311
202310030312
202310030401
202310030402
202310030403
202310030404
202310030405
202310030406
202310030407
202310030408
202310030409
202310030410
202310030411
202310030412
202310030501
202310030502
202310030503
202310030504
202310030505
202310030506
202310030507
202310030508
202310030509
202310030510
202310030511
202310030512
202310030601
202310030602
202310030603
202310030604
202310030605
202310030606
202310030607
202310030608
202310030609
202310030610
202310030611
202310030612
202335080601
202335080602
202335080603
202335080604
202335080605
202335080606
202335080607
202335080608
202335080609
202335080610
202335080611
202335081301
202335081302
202335081303
202335081304
202335081305
202335081306
202335081307
202335081308
202335081309
202335081310
202335081311
202336082001
202336082002
202336082003
202336082004
202336082005
202336082006
202336082007
202336082008
202336082009
202336082010
202336082011
202336082701
202336082702
202336082703
202336082704
202336082705
202336082706
202336082707
202336082708
202336082709
202336082710
202336082711
202343080501
202343080502
202343080503
202343080504
202343080505
202343080506
202343080507
202343080508
202343080509
202343080510
202343080511
202343080512
202343080601
202343080602
202343080603
202343080604
202343080605
202343080606
202343080607
202343080608
202343080609
202343080610
202343080611
202343080612
202344081301
202344081302
202344081303
202344081304
202344081305
202344081306
202344081307
202344081308
202344081309
202344081310
202346080601
202346080602
202346080603
202346080604
202346080605
202346080606
202346080607
202346080608
202346080609
202346080610
202346080611
202346080612
202346082701
202346082702
202346082703
202346082704
202346082705
202346082706
202346082707
202346082708
202346082709
202346082710
202346082711
202346082712
202354081201
202354081202
202354081203
202354081204
202354081205
202354081206
202354081207
202354081208
202354081209
202354081210
202354081211
202354081212
202354081301
202354081302
202354081303
202354081304
202354081305
202354081306
202354081307
202354081308
202354081309
202354081310
202354081311
202354081312
202354081901
202354081902
202354081903
202354081904
202354081905
202354081906
202354081907
202354081908
202354081909
202354081910
202354081911
202354081912
202354082001
202354082002
202354082003
202354082004
202354082005
202354082006
202354082007
202354082008
202354082009
202354082010
202354082011
202354082601
202354082602
202354082603
202354082604
202354082605
202354082606
202354082607
202354082608
202354082609
202354082610
202354082611
202354082701
202354082702
202354082703
202354082704
202354082705
202354082706
202354082707
202354082708
202354082709
202354082710
202354082711
202354082712
202355081201
202355081202
202355081203
202355081204
202355081205
202355081206
202355081207
202355081208
202355081209
202355081210
202355081211
202355081212
202355081301
202355081302
202355081303
202355081304
202355081305
202355081306
202355081307
202355081308
202355081309
202355081310
202355081311
202355081901
202355081902
202355081903
202355081904
202355081905
202355081906
202355081907
202355081908
202355081909
202355081910
202355081911
202355081912
202355082001
202355082002
202355082003
202355082004
202355082005
202355082006
202355082007
202355082008
202355082009
202355082010
202355082011
202355082601
202355082602
202355082603
202355082604
202355082605
202355082606
202355082607
202355082608
202355082609
202355082610
202355082611
202355082612
202365080501
202365080502
202365080503
202365080504
202365080505
202365080506
202365080507
202365080508
202365080509
202365080510
202365080511
202365080512
202365080601
202365080602
202365080603
202365080604
202365080605
202365080606
202365080607
202365080608
202365080609
202365080610
202365080611
202365080612
202365081201
202365081202
202365081203
202365081204
202365081205
202365081206
202365081207
202365081208
202365081209
202365081210
202365081211
202365081212
202365081301
202365081302
202365081303
202365081304
202365081305
202365081306
202365081307
202365081308
202365081309
202365081310
202365081311
202365081312
202365081901
202365081902
202365081903
202365081904
202365081905
202365081906
202365081907
202365081908
202365081909
202365081910
202365081911
202365081912
202365082001
202365082002
202365082003
202365082004
202365082005
202365082006
202365082007
202365082008
202365082009
202365082010
202365082011
202365082012
202365082601
202365082602
202365082603
202365082604
202365082605
202365082606
202365082607
202365082608
202365082609
202365082610
202365082611
202365082612
202365082701
202365082702
202365082703
202365082704
202365082705
202365082706
202365082707
202365082708
202365082709
202365082710
202365082711
202365082712