202303030101
202303030102
202303030103
202303030104
202303030105
202303030106
202303030107
202303030108
202303030109
202303030110
202303030111
202303030112
202303030201
202303030202
202303030203
202303030204
202303030205
202303030206
202303030207
202303030208
202303030209
202303030210
202303030211
202303030212
202303030301
202303030302
202303030303
202303030304
202303030305
202303030306
202303030307
202303030308
202303030309
202303030310
202303030311
202303030312
202303030401
202303030402
202303030403
202303030404
202303030405
202303030406
202303030407
202303030408
202303030409
202303030410
202303030411
202303030412
202303030501
202303030502
202303030503
202303030504
202303030505
202303030506
202303030507
202303030508
202303030509
202303030510
202303030511
202303030512
202303030601
202303030602
202303030603
202303030604
202303030605
202303030606
202303030607
202303030608
202303030609
202303030610
202303030611
202303030612
202305050101
202305050102
202305050103
202305050104
202305050105
202305050106
202305050107
202305050108
202305050109
202305050110
202305050111
202305050112
202305050201
202305050202
202305050203
202305050204
202305050205
202305050206
202305050207
202305050208
202305050209
202305050210
202305050211
202305050212
202305050301
202305050302
202305050303
202305050304
202305050305
202305050306
202305050307
202305050308
202305050309
202305050310
202305050311
202305050312
202305050401
202305050402
202305050403
202305050404
202305050405
202305050406
202305050407
202305050408
202305050409
202305050410
202305050411
202305050412
202305050501
202305050502
202305050503
202305050504
202305050505
202305050506
202305050507
202305050508
202305050509
202305050510
202305050511
202305050512
202305050601
202305050602
202305050603
202305050604
202305050605
202305050606
202305050607
202305050608
202305050609
202305050610
202305050611
202305050612
202305050701
202305050702
202305050703
202305050704
202305050705
202305050706
202305050707
202305050708
202305050709
202305050710
202305050711
202305050712
202305050801
202305050802
202305050803
202305050804
202305050805
202305050806
202305050807
202305050808
202305050809
202305050810
202305050811
202305050812
202308030101
202308030102
202308030103
202308030104
202308030105
202308030106
202308030107
202308030108
202308030109
202308030110
202308030111
202308030112
202308030201
202308030202
202308030203
202308030204
202308030205
202308030206
202308030207
202308030208
202308030209
202308030210
202308030211
202308030212
202308030301
202308030302
202308030303
202308030304
202308030305
202308030306
202308030307
202308030308
202308030309
202308030310
202308030311
202308030312
202308030401
202308030402
202308030403
202308030404
202308030405
202308030406
202308030407
202308030408
202308030409
202308030410
202308030411
202308030412
202308030501
202308030502
202308030503
202308030504
202308030505
202308030506
202308030507
202308030508
202308030509
202308030510
202308030511
202308030512
202308030601
202308030602
202308030603
202308030604
202308030605
202308030606
202308030607
202308030608
202308030609
202308030610
202308030611
202308030612
202308030701
202308030702
202308030703
202308030704
202308030705
202308030706
202308030707
202308030708
202308030709
202308030710
202308030711
202308030712
202308030801
202308030802
202308030803
202308030804
202308030805
202308030806
202308030807
202308030808
202308030809
202308030810
202308030811
202308030812
202335110501
202335110502
202335110503
202335110504
202335110505
202335110506
202335110507
202335110508
202335110509
202335110510
202335110511
202335110512
202335111201
202335111202
202335111203
202335111204
202335111205
202335111206
202335111207
202335111208
202335111209
202335111210
202335111211
202335111212
202335111901
202335111902
202335111903
202335111904
202335111905
202335111906
202335111907
202335111908
202335111909
202335111910
202335111911
202335111912
202336112601
202336112602
202336112603
202336112604
202336112605
202336112606
202336112607
202336112608
202336112609
202336112610
202336112611
202336112612
202346110501
202346110502
202346110503
202346110504
202346110505
202346110506
202346110507
202346110508
202346110509
202346110510
202346110511
202346110512
202346111201
202346111202
202346111203
202346111204
202346111205
202346111206
202346111207
202346111208
202346111209
202346111210
202346111901
202346111902
202346111903
202346111904
202346111905
202346111906
202346111907
202346111908
202346111909
202346111910
202346112601
202346112602
202346112603
202346112604
202346112605
202346112606
202346112607
202346112608
202346112609
202346112610
202354110401
202354110402
202354110403
202354110404
202354110405
202354110406
202354110407
202354110408
202354110409
202354110410
202354110411
202354110412
202354110501
202354110502
202354110503
202354110504
202354110505
202354110506
202354110507
202354110508
202354110509
202354110510
202354110511
202354110512
202354111101
202354111102
202354111103
202354111104
202354111105
202354111106
202354111107
202354111108
202354111109
202354111110
202354111111
202354111112
202354111201
202354111202
202354111203
202354111204
202354111205
202354111206
202354111207
202354111208
202354111209
202354111210
202354111211
202354111212
202354111801
202354111802
202354111803
202354111804
202354111805
202354111806
202354111807
202354111808
202354111809
202354111810
202354111811
202354111901
202354111902
202354111903
202354111904
202354111905
202354111906
202354111907
202354111908
202354111909
202354111910
202354111911
202354111912
202354112501
202354112502
202354112503
202354112504
202354112505
202354112506
202354112507
202354112508
202354112509
202354112510
202354112511
202354112512
202354112601
202354112602
202354112603
202354112604
202354112605
202354112606
202354112607
202354112608
202354112609
202354112610
202354112611
202354112612
202355110401
202355110402
202355110403
202355110404
202355110405
202355110406
202355110407
202355110408
202355110409
202355110410
202355110411
202355110412
202355110501
202355110502
202355110503
202355110504
202355110505
202355110506
202355110507
202355110508
202355110509
202355110510
202355111101
202355111102
202355111103
202355111104
202355111105
202355111106
202355111107
202355111108
202355111109
202355111110
202355111111
202355111201
202355111202
202355111203
202355111204
202355111205
202355111206
202355111207
202355111208
202355111209
202355111210
202355111211
202355111801
202355111802
202355111803
202355111804
202355111805
202355111806
202355111807
202355111808
202355111809
202355111810
202355111811
202355111812
202355111901
202355111902
202355111903
202355111904
202355111905
202355111906
202355111907
202355111908
202355111909
202355111910
202355112501
202355112502
202355112503
202355112504
202355112505
202355112506
202355112507
202355112508
202355112509
202355112510
202355112511
202355112601
202355112602
202355112603
202355112604
202355112605
202355112606
202355112607
202355112608
202355112609
202355112610
202355112611
202365110401
202365110402
202365110403
202365110404
202365110405
202365110406
202365110407
202365110408
202365110409
202365110410
202365110411
202365110412
202365110501
202365110502
202365110503
202365110504
202365110505
202365110506
202365110507
202365110508
202365110509
202365110510
202365110511
202365110512
202365111101
202365111102
202365111103
202365111104
202365111105
202365111106
202365111107
202365111108
202365111109
202365111110
202365111111
202365111112
202365111201
202365111202
202365111203
202365111204
202365111205
202365111206
202365111207
202365111208
202365111209
202365111210
202365111211
202365111212
202365111801
202365111802
202365111803
202365111804
202365111805
202365111806
202365111807
202365111808
202365111809
202365111810
202365111811
202365111812
202365111901
202365111902
202365111903
202365111904
202365111905
202365111906
202365111907
202365111908
202365111909
202365111910
202365111911
202365111912
202365112501
202365112502
202365112503
202365112504
202365112505
202365112506
202365112507
202365112508
202365112509
202365112510
202365112511
202365112512
202365112601
202365112602
202365112603
202365112604
202365112605
202365112606
202365112607
202365112608
202365112609
202365112610
202365112611
202365112612