202405010101
202405010102
202405010103
202405010104
202405010105
202405010106
202405010107
202405010108
202405010109
202405010110
202405010111
202405010112
202405010201
202405010202
202405010203
202405010204
202405010205
202405010206
202405010207
202405010208
202405010209
202405010210
202405010211
202405010212
202406010101
202406010102
202406010103
202406010104
202406010105
202406010106
202406010107
202406010108
202406010109
202406010110
202406010111
202406010112
202406010201
202406010202
202406010203
202406010204
202406010205
202406010206
202406010207
202406010208
202406010209
202406010210
202406010211
202406010212
202406010301
202406010302
202406010303
202406010304
202406010305
202406010306
202406010307
202406010308
202406010309
202406010310
202406010311
202406010312
202406010401
202406010402
202406010403
202406010404
202406010405
202406010406
202406010407
202406010408
202406010409
202406010410
202406010411
202406010412
202406010501
202406010502
202406010503
202406010504
202406010505
202406010506
202406010507
202406010508
202406010509
202406010510
202406010511
202406010512
202406010601
202406010602
202406010603
202406010604
202406010605
202406010606
202406010607
202406010608
202406010609
202406010610
202406010611
202406010612
202406010701
202406010702
202406010703
202406010704
202406010705
202406010706
202406010707
202406010708
202406010709
202406010710
202406010711
202406010712
202408010101
202408010102
202408010103
202408010104
202408010105
202408010106
202408010107
202408010108
202408010109
202408010110
202408010111
202408010112
202408010201
202408010202
202408010203
202408010204
202408010205
202408010206
202408010207
202408010208
202408010209
202408010210
202408010211
202408010212
202408010301
202408010302
202408010303
202408010304
202408010305
202408010306
202408010307
202408010308
202408010309
202408010310
202408010311
202408010312
202408010401
202408010402
202408010403
202408010404
202408010405
202408010406
202408010407
202408010408
202408010409
202408010410
202408010411
202408010412
202408010501
202408010502
202408010503
202408010504
202408010505
202408010506
202408010507
202408010508
202408010509
202408010510
202408010511
202408010512
202408010601
202408010602
202408010603
202408010604
202408010605
202408010606
202408010607
202408010608
202408010609
202408010610
202408010611
202408010612
202408010701
202408010702
202408010703
202408010704
202408010705
202408010706
202408010707
202408010708
202408010709
202408010710
202408010711
202408010712
202408020101
202408020102
202408020103
202408020104
202408020105
202408020106
202408020107
202408020108
202408020109
202408020110
202408020111
202408020112
202408020201
202408020202
202408020203
202408020204
202408020205
202408020206
202408020207
202408020208
202408020209
202408020210
202408020211
202408020212
202410010101
202410010102
202410010103
202410010104
202410010105
202410010106
202410010107
202410010108
202410010109
202410010110
202410010111
202410010112
202410010201
202410010202
202410010203
202410010204
202410010205
202410010206
202410010207
202410010208
202410010209
202410010210
202410010211
202410010212
202410010301
202410010302
202410010303
202410010304
202410010305
202410010306
202410010307
202410010308
202410010309
202410010310
202410010311
202410010312
202410010401
202410010402
202410010403
202410010404
202410010405
202410010406
202410010407
202410010408
202410010409
202410010410
202410010411
202410010412
202410010501
202410010502
202410010503
202410010504
202410010505
202410010506
202410010507
202410010508
202410010509
202410010510
202410010511
202410010512
202410010601
202410010602
202410010603
202410010604
202410010605
202410010606
202410010607
202410010608
202410010609
202410010610
202410010611
202410010612
202444012101
202444012102
202444012103
202444012104
202444012105
202444012106
202444012107
202444012108
202454010701
202454010702
202454010703
202454010704
202454010705
202454010706
202454010707
202454010708
202454010709
202454010710
202454010801
202454010802
202454010803
202454010804
202454010805
202454010806
202454010807
202454010808
202454010809
202454011401
202454011402
202454011403
202454011404
202454011405
202454011406
202454011407
202454011408
202454011409
202454011410
202454012101
202454012102
202454012103
202454012104
202454012105
202454012106
202454012107
202454012108
202454012109
202454012110
202454012111
202454012801
202454012802
202454012803
202454012804
202454012805
202454012806
202454012807
202454012808
202454012809
202454012810
202454012811
202455010601
202455010602
202455010603
202455010604
202455010605
202455010606
202455010607
202455010608
202455010609
202455010610
202455010611
202455010612
202455010701
202455010702
202455010703
202455010704
202455010705
202455010706
202455010707
202455010708
202455010709
202455010710
202455010711
202455010801
202455010802
202455010803
202455010804
202455010805
202455010806
202455010807
202455010808
202455010809
202455010810
202455010811
202455010812
202455011301
202455011302
202455011303
202455011304
202455011305
202455011306
202455011307
202455011308
202455011309
202455011310
202455011311
202455011312
202455012001
202455012002
202455012003
202455012004
202455012005
202455012006
202455012007
202455012008
202455012009
202455012010
202455012011
202455012012
202455012101
202455012102
202455012103
202455012104
202455012105
202455012106
202455012107
202455012108
202455012109
202455012110
202455012111
202455012701
202455012702
202455012703
202455012704
202455012705
202455012706
202455012707
202455012708
202455012709
202455012710
202455012711
202455012712
202455012801
202455012802
202455012803
202455012804
202455012805
202455012806
202455012807
202455012808
202455012809
202455012810
202455012811
202455012812
202465010701
202465010702
202465010703
202465010704
202465010705
202465010706
202465010707
202465010708
202465010709
202465010710
202465010711
202465010712
202465010801
202465010802
202465010803
202465010804
202465010805
202465010806
202465010807
202465010808
202465010809
202465010810
202465010811
202465010812
202465011301
202465011302
202465011303
202465011304
202465011305
202465011306
202465011307
202465011308
202465011309
202465011310
202465011311
202465011312
202465011401
202465011402
202465011403
202465011404
202465011405
202465011406
202465011407
202465011408
202465011409
202465011410
202465011411
202465011412
202465012001
202465012002
202465012003
202465012004
202465012005
202465012006
202465012007
202465012008
202465012009
202465012010
202465012011
202465012012
202465012101
202465012102
202465012103
202465012104
202465012105
202465012106
202465012107
202465012108
202465012109
202465012110
202465012111
202465012112
202465012701
202465012702
202465012703
202465012704
202465012705
202465012706
202465012707
202465012708
202465012709
202465012710
202465012711
202465012712
202465012801
202465012802
202465012803
202465012804
202465012805
202465012806
202465012807
202465012808
202465012809
202465012810
202465012811
202465012812