202403010101
202403010102
202403010103
202403010104
202403010105
202403010106
202403010107
202403010108
202403010109
202403010110
202403010111
202403010112
202403010201
202403010202
202403010203
202403010204
202403010205
202403010206
202403010207
202403010208
202403010209
202403010210
202403010211
202403010212
202403010301
202403010302
202403010303
202403010304
202403010305
202403010306
202403010307
202403010308
202403010309
202403010310
202403010311
202403010312
202403010401
202403010402
202403010403
202403010404
202403010405
202403010406
202403010407
202403010408
202403010409
202403010410
202403010411
202403010412
202403010501
202403010502
202403010503
202403010504
202403010505
202403010506
202403010507
202403010508
202403010509
202403010510
202403010511
202403010512
202403010601
202403010602
202403010603
202403010604
202403010605
202403010606
202403010607
202403010608
202403010609
202403010610
202403010611
202403010612
202404010101
202404010102
202404010103
202404010104
202404010105
202404010106
202404010107
202404010108
202404010109
202404010110
202404010111
202404010112
202404010201
202404010202
202404010203
202404010204
202404010205
202404010206
202404010207
202404010208
202404010209
202404010210
202404010211
202404010212
202405020101
202405020102
202405020103
202405020104
202405020105
202405020106
202405020107
202405020108
202405020109
202405020110
202405020111
202405020112
202405020201
202405020202
202405020203
202405020204
202405020205
202405020206
202405020207
202405020208
202405020209
202405020210
202405020211
202405020212
202405020301
202405020302
202405020303
202405020304
202405020305
202405020306
202405020307
202405020308
202405020309
202405020310
202405020311
202405020312
202405020401
202405020402
202405020403
202405020404
202405020405
202405020406
202405020407
202405020408
202405020409
202405020410
202405020411
202405020412
202406030501
202406030502
202406030503
202406030504
202406030505
202406030506
202406030507
202406030508
202406030509
202406030510
202406030511
202406030512
202406030601
202406030602
202406030603
202406030604
202406030605
202406030606
202406030607
202406030608
202406030609
202406030610
202406030611
202406030612
202406030701
202406030702
202406030703
202406030704
202406030705
202406030706
202406030707
202406030708
202406030709
202406030710
202406030711
202406030712
202406030801
202406030802
202406030803
202406030804
202406030805
202406030806
202406030807
202406030808
202406030809
202406030810
202406030811
202406030812
202408030101
202408030102
202408030103
202408030104
202408030105
202408030106
202408030107
202408030108
202408030109
202408030110
202408030111
202408030112
202408030201
202408030202
202408030203
202408030204
202408030205
202408030206
202408030207
202408030208
202408030209
202408030210
202408030211
202408030212
202408030301
202408030302
202408030303
202408030304
202408030305
202408030306
202408030307
202408030308
202408030309
202408030310
202408030311
202408030312
202408030401
202408030402
202408030403
202408030404
202408030405
202408030406
202408030407
202408030408
202408030409
202408030410
202408030411
202408030412
202409020501
202409020502
202409020503
202409020504
202409020505
202409020506
202409020507
202409020508
202409020509
202409020510
202409020511
202409020512
202409020601
202409020602
202409020603
202409020604
202409020605
202409020606
202409020607
202409020608
202409020609
202409020610
202409020611
202409020612
202409020701
202409020702
202409020703
202409020704
202409020705
202409020706
202409020707
202409020708
202409020709
202409020710
202409020711
202409020712
202409020801
202409020802
202409020803
202409020804
202409020805
202409020806
202409020807
202409020808
202409020809
202409020810
202409020811
202409020812
202436040701
202436040702
202436040703
202436040704
202436040705
202436040706
202436040707
202436040708
202436040709
202436040710
202436040711
202436041401
202436041402
202436041403
202436041404
202436041405
202436041406
202436041407
202436041408
202436041409
202436041410
202436041411
202436041412
202436042101
202436042102
202436042103
202436042104
202436042105
202436042106
202436042107
202436042108
202436042109
202436042110
202436042111
202436042801
202436042802
202436042803
202436042804
202436042805
202436042806
202436042807
202436042808
202436042809
202436042810
202436042811
202436042812
202443041301
202443041302
202443041303
202443041304
202443041305
202443041306
202443041307
202443041308
202443041309
202443041310
202443041311
202443041312
202443041401
202443041402
202443041403
202443041404
202443041405
202443041406
202443041407
202443041408
202443041409
202443041410
202443041411
202443041412
202446042101
202446042102
202446042103
202446042104
202446042105
202446042106
202446042107
202446042108
202446042109
202446042110
202446042111
202446042801
202446042802
202446042803
202446042804
202446042805
202446042806
202446042807
202446042808
202446042809
202446042810
202446042811
202454040601
202454040602
202454040603
202454040604
202454040605
202454040606
202454040607
202454040608
202454040609
202454040610
202454040611
202454040612
202454040701
202454040702
202454040703
202454040704
202454040705
202454040706
202454040707
202454040708
202454040709
202454040710
202454040711
202454040712
202454041301
202454041302
202454041303
202454041304
202454041305
202454041306
202454041307
202454041308
202454041309
202454041310
202454041311
202454041312
202454041401
202454041402
202454041403
202454041404
202454041405
202454041406
202454041407
202454041408
202454041409
202454041410
202454041411
202454041412
202454042001
202454042002
202454042003
202454042004
202454042005
202454042006
202454042007
202454042008
202454042009
202454042010
202454042011
202454042101
202454042102
202454042103
202454042104
202454042105
202454042106
202454042107
202454042108
202454042109
202454042110
202454042111
202454042112
202454042801
202454042802
202454042803
202454042804
202454042805
202454042806
202454042807
202454042808
202454042809
202454042810
202454042811
202455040601
202455040602
202455040603
202455040604
202455040605
202455040606
202455040607
202455040608
202455040609
202455040610
202455040611
202455040701
202455040702
202455040703
202455040704
202455040705
202455040706
202455040707
202455040708
202455040709
202455040710
202455040711
202455041301
202455041302
202455041303
202455041304
202455041305
202455041306
202455041307
202455041308
202455041309
202455041310
202455041311
202455042001
202455042002
202455042003
202455042004
202455042005
202455042006
202455042007
202455042008
202455042009
202455042010
202455042011
202455042101
202455042102
202455042103
202455042104
202455042105
202455042106
202455042107
202455042108
202455042109
202455042110
202455042111
202455042701
202455042702
202455042703
202455042704
202455042705
202455042706
202455042707
202455042708
202455042709
202455042710
202455042711
202455042801
202455042802
202455042803
202455042804
202455042805
202455042806
202455042807
202455042808
202455042809
202455042810
202455042811
202465042001
202465042002
202465042003
202465042004
202465042005
202465042006
202465042007
202465042008
202465042009
202465042010
202465042011
202465042012
202465042101
202465042102
202465042103
202465042104
202465042105
202465042106
202465042107
202465042108
202465042109
202465042110
202465042111
202465042112
202465042701
202465042702
202465042703
202465042704
202465042705
202465042706
202465042707
202465042708
202465042709
202465042710
202465042711
202465042712
202465042801
202465042802
202465042803
202465042804
202465042805
202465042806
202465042807
202465042808
202465042809
202465042810
202465042811
202465042812