202405010301
202405010302
202405010303
202405010304
202405010305
202405010306
202405010307
202405010308
202405010309
202405010310
202405010311
202405010312
202405010401
202405010402
202405010403
202405010404
202405010405
202405010406
202405010407
202405010408
202405010409
202405010410
202405010411
202405010412
202405010501
202405010502
202405010503
202405010504
202405010505
202405010506
202405010507
202405010508
202405010509
202405010510
202405010511
202405010512
202405010601
202405010602
202405010603
202405010604
202405010605
202405010606
202405010607
202405010608
202405010609
202405010610
202405010611
202405010612
202405010701
202405010702
202405010703
202405010704
202405010705
202405010706
202405010707
202405010708
202405010709
202405010710
202405010711
202405010712
202405010801
202405010802
202405010803
202405010804
202405010805
202405010806
202405010807
202405010808
202405010809
202405010810
202405010811
202405010812
202406020101
202406020102
202406020103
202406020104
202406020105
202406020106
202406020107
202406020108
202406020109
202406020110
202406020111
202406020112
202406020201
202406020202
202406020203
202406020204
202406020205
202406020206
202406020207
202406020208
202406020209
202406020210
202406020211
202406020212
202408020301
202408020302
202408020303
202408020304
202408020305
202408020306
202408020307
202408020308
202408020309
202408020310
202408020311
202408020312
202408020401
202408020402
202408020403
202408020404
202408020405
202408020406
202408020407
202408020408
202408020409
202408020410
202408020411
202408020412
202408020501
202408020502
202408020503
202408020504
202408020505
202408020506
202408020507
202408020508
202408020509
202408020510
202408020511
202408020512
202408020601
202408020602
202408020603
202408020604
202408020605
202408020606
202408020607
202408020608
202408020609
202408020610
202408020611
202408020612
202408020701
202408020702
202408020703
202408020704
202408020705
202408020706
202408020707
202408020708
202408020709
202408020710
202408020711
202408020712
202408020801
202408020802
202408020803
202408020804
202408020805
202408020806
202408020807
202408020808
202408020809
202408020810
202408020811
202408020812
202409010101
202409010102
202409010103
202409010104
202409010105
202409010106
202409010107
202409010108
202409010109
202409010110
202409010111
202409010112
202409010201
202409010202
202409010203
202409010204
202409010205
202409010206
202409010207
202409010208
202409010209
202409010210
202409010211
202409010212
202410010701
202410010702
202410010703
202410010704
202410010705
202410010706
202410010707
202410010708
202410010709
202410010710
202410010711
202410010712
202410010801
202410010802
202410010803
202410010804
202410010805
202410010806
202410010807
202410010808
202410010809
202410010810
202410010811
202410010812
202410020101
202410020102
202410020103
202410020104
202410020105
202410020106
202410020107
202410020108
202410020109
202410020110
202410020111
202410020112
202410020201
202410020202
202410020203
202410020204
202410020205
202410020206
202410020207
202410020208
202410020209
202410020210
202410020211
202410020212
202410020301
202410020302
202410020303
202410020304
202410020305
202410020306
202410020307
202410020308
202410020309
202410020310
202410020311
202410020312
202410020401
202410020402
202410020403
202410020404
202410020405
202410020406
202410020407
202410020408
202410020409
202410020410
202410020411
202410020412
202410020501
202410020502
202410020503
202410020504
202410020505
202410020506
202410020507
202410020508
202410020509
202410020510
202410020511
202410020512
202410020601
202410020602
202410020603
202410020604
202410020605
202410020606
202410020607
202410020608
202410020609
202410020610
202410020611
202410020612
202443021003
202443021004
202443021005
202443021006
202443021007
202443021008
202443021009
202443021010
202443021011
202443021012
202444021101
202444021102
202444021103
202444021104
202444021105
202444021106
202444021107
202444021108
202454020401
202454020402
202454020403
202454020404
202454020405
202454020406
202454020407
202454020408
202454020409
202454020410
202454021101
202454021102
202454021103
202454021104
202454021105
202454021106
202454021107
202454021108
202454021109
202454021110
202454021111
202454021801
202454021802
202454021803
202454021804
202454021805
202454021806
202454021807
202454021808
202454021809
202454021810
202454022501
202454022502
202454022503
202454022504
202454022505
202454022506
202454022507
202454022508
202454022509
202454022510
202455020301
202455020302
202455020303
202455020304
202455020305
202455020306
202455020307
202455020308
202455020309
202455020310
202455020311
202455020312
202455020401
202455020402
202455020403
202455020404
202455020405
202455020406
202455020407
202455020408
202455020409
202455020410
202455020411
202455021001
202455021002
202455021003
202455021004
202455021005
202455021006
202455021007
202455021008
202455021009
202455021010
202455021011
202455021012
202455021101
202455021102
202455021103
202455021104
202455021105
202455021106
202455021107
202455021108
202455021109
202455021110
202455021111
202455021701
202455021702
202455021703
202455021704
202455021705
202455021706
202455021707
202455021708
202455021709
202455021710
202455021711
202455021801
202455021802
202455021803
202455021804
202455021805
202455021806
202455021807
202455021808
202455021809
202455021810
202455021811
202455022401
202455022402
202455022403
202455022404
202455022405
202455022406
202455022407
202455022408
202455022409
202455022410
202455022411
202455022501
202455022502
202455022503
202455022504
202455022505
202455022506
202455022507
202455022508
202455022509
202455022510
202455022511
202465020301
202465020302
202465020303
202465020304
202465020305
202465020306
202465020307
202465020308
202465020309
202465020310
202465020311
202465020312
202465020401
202465020402
202465020403
202465020404
202465020405
202465020406
202465020407
202465020408
202465020409
202465020410
202465020411
202465020412
202465021001
202465021002
202465021003
202465021004
202465021005
202465021006
202465021007
202465021008
202465021009
202465021010
202465021011
202465021012
202465021101
202465021102
202465021103
202465021104
202465021105
202465021106
202465021107
202465021108
202465021109
202465021110
202465021111
202465021112
202465021701
202465021702
202465021703
202465021704
202465021705
202465021706
202465021707
202465021708
202465021709
202465021710
202465021711
202465021712
202465021801
202465021802
202465021803
202465021804
202465021805
202465021806
202465021807
202465021808
202465021809
202465021810
202465021811
202465021812
202465022401
202465022402
202465022403
202465022404
202465022405
202465022406
202465022407
202465022408
202465022409
202465022410
202465022411
202465022412
202465022501
202465022502
202465022503
202465022504
202465022505
202465022506
202465022507
202465022508
202465022509
202465022510
202465022511
202465022512