202401010101
202401010102
202401010103
202401010104
202401010105
202401010106
202401010107
202401010108
202401010109
202401010110
202401010111
202401010112
202401010201
202401010202
202401010203
202401010204
202401010205
202401010206
202401010207
202401010208
202401010209
202401010210
202401010211
202401010212
202401010301
202401010302
202401010303
202401010304
202401010305
202401010306
202401010307
202401010308
202401010309
202401010310
202401010311
202401010312
202401010401
202401010402
202401010403
202401010404
202401010405
202401010406
202401010407
202401010408
202401010409
202401010410
202401010411
202401010412
202402010901
202402010902
202402010903
202402010904
202402010905
202402010906
202402010907
202402010908
202402010909
202402010910
202402010911
202402010912
202402011001
202402011002
202402011003
202402011004
202402011005
202402011006
202402011007
202402011008
202402011009
202402011010
202402011011
202402011012
202402011101
202402011102
202402011103
202402011104
202402011105
202402011106
202402011107
202402011108
202402011109
202402011110
202402011111
202402011112
202402011201
202402011202
202402011203
202402011204
202402011205
202402011206
202402011207
202402011208
202402011209
202402011210
202402011211
202402011212
202403020301
202403020302
202403020303
202403020304
202403020305
202403020306
202403020307
202403020308
202403020309
202403020310
202403020311
202403020312
202403020401
202403020402
202403020403
202403020404
202403020405
202403020406
202403020407
202403020408
202403020409
202403020410
202403020411
202403020412
202403020501
202403020502
202403020503
202403020504
202403020505
202403020506
202403020507
202403020508
202403020509
202403020510
202403020511
202403020512
202403020601
202403020602
202403020603
202403020604
202403020605
202403020606
202403020607
202403020608
202403020609
202403020610
202403020611
202403020612
202403020701
202403020702
202403020703
202403020704
202403020705
202403020706
202403020707
202403020708
202403020709
202403020710
202403020711
202403020712
202403020801
202403020802
202403020803
202403020804
202403020805
202403020806
202403020807
202403020808
202403020809
202403020810
202403020811
202403020812
202404020101
202404020102
202404020103
202404020104
202404020105
202404020106
202404020107
202404020108
202404020109
202404020110
202404020111
202404020112
202404020201
202404020202
202404020203
202404020204
202404020205
202404020206
202404020207
202404020208
202404020209
202404020210
202404020211
202404020212
202410030301
202410030302
202410030303
202410030304
202410030305
202410030306
202410030307
202410030308
202410030309
202410030310
202410030311
202410030312
202410030401
202410030402
202410030403
202410030404
202410030405
202410030406
202410030407
202410030408
202410030409
202410030410
202410030411
202410030412
202410030601
202410030602
202410030603
202410030604
202410030605
202410030606
202410030607
202410030608
202410030609
202410030610
202410030611
202410030612
202410030701
202410030702
202410030703
202410030704
202410030705
202410030706
202410030707
202410030708
202410030709
202410030710
202410030711
202410030712
202410030801
202410030802
202410030803
202410030804
202410030805
202410030806
202410030807
202410030808
202410030809
202410030810
202410030811
202410030812
202435070701
202435070702
202435070703
202435070704
202435070705
202435070706
202435070707
202435070708
202435070709
202435070710
202435070711
202435070712
202435071401
202435071402
202435071403
202435071404
202435071405
202435071406
202435071407
202435071408
202435071409
202435071410
202435071411
202435072101
202435072102
202435072103
202435072104
202435072105
202435072106
202435072107
202435072108
202435072109
202435072110
202435072111
202443072001
202443072002
202443072003
202443072004
202443072005
202443072006
202443072007
202443072008
202443072009
202443072010
202443072011
202443072012
202443072101
202443072102
202443072103
202443072104
202443072105
202443072106
202443072107
202443072108
202443072109
202443072110
202443072111
202443072112
202446070701
202446070702
202446070703
202446070704
202446070705
202446070706
202446070707
202446070708
202446070709
202446070710
202446070711
202446070712
202446071301
202446071302
202446071303
202446071304
202446071305
202446071306
202446071307
202446071308
202446071309
202446071310
202446071311
202446071312
202446072801
202446072802
202446072803
202446072804
202446072805
202446072806
202446072807
202446072808
202446072809
202446072810
202446072811
202446072812
202454070601
202454070602
202454070603
202454070604
202454070605
202454070606
202454070607
202454070608
202454070609
202454070610
202454070611
202454070612
202454070701
202454070702
202454070703
202454070704
202454070705
202454070706
202454070707
202454070708
202454070709
202454070710
202454070711
202454070712
202454071401
202454071402
202454071403
202454071404
202454071405
202454071406
202454071407
202454071408
202454071409
202454071410
202454071411
202454072001
202454072002
202454072003
202454072004
202454072005
202454072006
202454072007
202454072008
202454072009
202454072010
202454072011
202454072012
202454072101
202454072102
202454072103
202454072104
202454072105
202454072106
202454072107
202454072108
202454072109
202454072110
202454072111
202454072112
202454072701
202454072702
202454072703
202454072704
202454072705
202454072706
202454072707
202454072708
202454072709
202454072710
202454072711
202454072801
202454072802
202454072803
202454072804
202454072805
202454072806
202454072807
202454072808
202454072809
202454072810
202454072811
202454072812
202455070601
202455070602
202455070603
202455070604
202455070605
202455070606
202455070607
202455070608
202455070609
202455070610
202455070611
202455070701
202455070702
202455070703
202455070704
202455070705
202455070706
202455070707
202455070708
202455070709
202455070710
202455071301
202455071302
202455071303
202455071304
202455071305
202455071306
202455071307
202455071308
202455071309
202455071310
202455071311
202455071312
202455071401
202455071402
202455071403
202455071404
202455071405
202455071406
202455071407
202455071408
202455071409
202455071410
202455071411
202455071412
202455072001
202455072002
202455072003
202455072004
202455072005
202455072006
202455072007
202455072008
202455072009
202455072010
202455072011
202455072101
202455072102
202455072103
202455072104
202455072105
202455072106
202455072107
202455072108
202455072109
202455072110
202455072701
202455072702
202455072703
202455072704
202455072705
202455072706
202455072707
202455072708
202455072709
202455072710
202455072711
202455072801
202455072802
202455072803
202455072804
202455072805
202455072806
202455072807
202455072808
202455072809
202455072810
202455072811
202465070601
202465070602
202465070603
202465070604
202465070605
202465070606
202465070607
202465070608
202465070609
202465070610
202465070611
202465070612
202465070701
202465070702
202465070703
202465070704
202465070705
202465070706
202465070707
202465070708
202465070709
202465070710
202465070711
202465070712
202465071301
202465071302
202465071303
202465071304
202465071305
202465071306
202465071307
202465071308
202465071309
202465071310
202465071311
202465071312
202465071401
202465071402
202465071403
202465071404
202465071405
202465071406
202465071407
202465071408
202465071409
202465071410
202465071411
202465071412
202465072001
202465072002
202465072003
202465072004
202465072005
202465072006
202465072007
202465072008
202465072009
202465072010
202465072011
202465072012
202465072101
202465072102
202465072103
202465072104
202465072105
202465072106
202465072107
202465072108
202465072109
202465072110
202465072111
202465072112
202465072701
202465072702
202465072703
202465072704
202465072705
202465072706
202465072707
202465072708
202465072709
202465072710
202465072711
202465072712
202465072801
202465072802
202465072803
202465072804
202465072805
202465072806
202465072807
202465072808
202465072809
202465072810
202465072811
202465072812