202404010301
202404010302
202404010303
202404010304
202404010305
202404010306
202404010307
202404010308
202404010309
202404010310
202404010311
202404010312
202404010401
202404010402
202404010403
202404010404
202404010405
202404010406
202404010407
202404010408
202404010409
202404010410
202404010411
202404010412
202404010501
202404010502
202404010503
202404010504
202404010505
202404010506
202404010507
202404010508
202404010509
202404010510
202404010511
202404010512
202404010601
202404010602
202404010603
202404010604
202404010605
202404010606
202404010607
202404010608
202404010609
202404010610
202404010611
202404010612
202404010701
202404010702
202404010703
202404010704
202404010705
202404010706
202404010707
202404010708
202404010709
202404010710
202404010711
202404010712
202404010801
202404010802
202404010803
202404010804
202404010805
202404010806
202404010807
202404010808
202404010809
202404010810
202404010811
202404010812
202405020501
202405020502
202405020503
202405020504
202405020505
202405020506
202405020507
202405020508
202405020509
202405020510
202405020511
202405020512
202405020601
202405020602
202405020603
202405020604
202405020605
202405020606
202405020607
202405020608
202405020609
202405020610
202405020611
202405020612
202405020701
202405020702
202405020703
202405020704
202405020705
202405020706
202405020707
202405020708
202405020709
202405020710
202405020711
202405020712
202405020801
202405020802
202405020803
202405020804
202405020805
202405020806
202405020807
202405020808
202405020809
202405020810
202405020811
202405020812
202405020901
202405020902
202405020903
202405020904
202405020905
202405020906
202405020907
202405020908
202405020909
202405020910
202405020911
202405020912
202405021001
202405021002
202405021003
202405021004
202405021005
202405021006
202405021007
202405021008
202405021009
202405021010
202405021011
202405021012
202405021101
202405021102
202405021103
202405021104
202405021105
202405021106
202405021107
202405021108
202405021109
202405021110
202405021111
202405021112
202405021201
202405021202
202405021203
202405021204
202405021205
202405021206
202405021207
202405021208
202405021209
202405021210
202405021211
202405021212
202408030501
202408030502
202408030503
202408030504
202408030505
202408030506
202408030507
202408030508
202408030509
202408030510
202408030511
202408030512
202408030601
202408030602
202408030603
202408030604
202408030605
202408030606
202408030607
202408030608
202408030609
202408030610
202408030611
202408030612
202408030701
202408030702
202408030703
202408030704
202408030705
202408030706
202408030707
202408030708
202408030709
202408030710
202408030711
202408030712
202408030801
202408030802
202408030803
202408030804
202408030805
202408030806
202408030807
202408030808
202408030809
202408030810
202408030811
202408030812
202408030901
202408030902
202408030903
202408030904
202408030905
202408030906
202408030907
202408030908
202408030909
202408030910
202408030911
202408030912
202408031001
202408031002
202408031003
202408031004
202408031005
202408031006
202408031007
202408031008
202408031009
202408031010
202408031011
202408031012
202408031101
202408031102
202408031103
202408031104
202408031105
202408031106
202408031107
202408031108
202408031109
202408031110
202408031111
202408031112
202408031201
202408031202
202408031203
202408031204
202408031205
202408031206
202408031207
202408031208
202408031209
202408031210
202408031211
202408031212
202435050501
202435050502
202435050503
202435050504
202435050505
202435050506
202435050507
202435050508
202435050509
202435050510
202435050511
202435050512
202435051201
202435051202
202435051203
202435051204
202435051205
202435051206
202435051207
202435051208
202435051209
202435051210
202435051211
202435051901
202435051902
202435051903
202435051904
202435051905
202435051906
202435051907
202435051908
202435051909
202435051910
202435051911
202435052601
202435052602
202435052603
202435052604
202435052605
202435052606
202435052607
202435052608
202435052609
202435052610
202435052611
202446050401
202446050402
202446050403
202446050404
202446050405
202446050406
202446050407
202446050408
202446050409
202446050410
202446050411
202446051201
202446051202
202446051203
202446051204
202446051205
202446051206
202446051207
202446051208
202446051209
202446051210
202446051211
202446051901
202446051902
202446051903
202446051904
202446051905
202446051906
202446051907
202446051908
202446051909
202446051910
202446051911
202454050501
202454050502
202454050503
202454050504
202454050505
202454050506
202454050507
202454050508
202454050509
202454050510
202454050511
202454050512
202454051101
202454051102
202454051103
202454051104
202454051105
202454051106
202454051107
202454051108
202454051109
202454051110
202454051111
202454051201
202454051202
202454051203
202454051204
202454051205
202454051206
202454051207
202454051208
202454051209
202454051210
202454051211
202454051801
202454051802
202454051803
202454051804
202454051805
202454051806
202454051807
202454051808
202454051809
202454051810
202454051811
202454051812
202454051901
202454051902
202454051903
202454051904
202454051905
202454051906
202454051907
202454051908
202454051909
202454051910
202454051911
202454051912
202454052501
202454052502
202454052503
202454052504
202454052505
202454052506
202454052507
202454052508
202454052509
202454052510
202454052601
202454052602
202454052603
202454052604
202454052605
202454052606
202454052607
202454052608
202454052609
202454052610
202455050401
202455050402
202455050403
202455050404
202455050405
202455050406
202455050407
202455050408
202455050409
202455050410
202455050411
202455051101
202455051102
202455051103
202455051104
202455051105
202455051106
202455051107
202455051108
202455051109
202455051110
202455051111
202455051201
202455051202
202455051203
202455051204
202455051205
202455051206
202455051207
202455051208
202455051209
202455051210
202455051211
202455051801
202455051802
202455051803
202455051804
202455051805
202455051806
202455051807
202455051808
202455051809
202455051810
202455051811
202455051901
202455051902
202455051903
202455051904
202455051905
202455051906
202455051907
202455051908
202455051909
202455051910
202455051911
202455052501
202455052502
202455052503
202455052504
202455052505
202455052506
202455052507
202455052508
202455052509
202455052510
202455052511
202455052601
202455052602
202455052603
202455052604
202455052605
202455052606
202455052607
202455052608
202455052609
202455052610
202455052611
202465050401
202465050402
202465050403
202465050404
202465050405
202465050406
202465050407
202465050408
202465050409
202465050410
202465050411
202465050412
202465050501
202465050502
202465050503
202465050504
202465050505
202465050506
202465050507
202465050508
202465050509
202465050510
202465050511
202465050512
202465051101
202465051102
202465051103
202465051104
202465051105
202465051106
202465051107
202465051108
202465051109
202465051110
202465051111
202465051112
202465051201
202465051202
202465051203
202465051204
202465051205
202465051206
202465051207
202465051208
202465051209
202465051210
202465051211
202465051212
202465051801
202465051802
202465051803
202465051804
202465051805
202465051806
202465051807
202465051808
202465051809
202465051810
202465051811
202465051812
202465051901
202465051902
202465051903
202465051904
202465051905
202465051906
202465051907
202465051908
202465051909
202465051910
202465051911
202465051912
202465052501
202465052502
202465052503
202465052504
202465052505
202465052506
202465052507
202465052508
202465052509
202465052510
202465052511
202465052512
202465052601
202465052602
202465052603
202465052604
202465052605
202465052606
202465052607
202465052608
202465052609
202465052610
202465052611
202465052612