202402010101
202402010102
202402010103
202402010104
202402010105
202402010106
202402010107
202402010108
202402010109
202402010110
202402010111
202402010112
202402010201
202402010202
202402010203
202402010204
202402010205
202402010206
202402010207
202402010208
202402010209
202402010210
202402010211
202402010212
202402010301
202402010302
202402010303
202402010304
202402010305
202402010306
202402010307
202402010308
202402010309
202402010310
202402010311
202402010312
202402010401
202402010402
202402010403
202402010404
202402010405
202402010406
202402010407
202402010408
202402010409
202402010410
202402010411
202402010412
202402010501
202402010502
202402010503
202402010504
202402010505
202402010506
202402010507
202402010508
202402010509
202402010510
202402010511
202402010512
202402010601
202402010602
202402010603
202402010604
202402010605
202402010606
202402010607
202402010608
202402010609
202402010610
202402010611
202402010612
202402010701
202402010702
202402010703
202402010704
202402010705
202402010706
202402010707
202402010708
202402010709
202402010710
202402010711
202402010712
202402010801
202402010802
202402010803
202402010804
202402010805
202402010806
202402010807
202402010808
202402010809
202402010810
202402010811
202402010812
202403020101
202403020102
202403020103
202403020104
202403020105
202403020106
202403020107
202403020108
202403020109
202403020110
202403020111
202403020112
202403020201
202403020202
202403020203
202403020204
202403020205
202403020206
202403020207
202403020208
202403020209
202403020210
202403020211
202403020212
202405030101
202405030102
202405030103
202405030104
202405030105
202405030106
202405030107
202405030108
202405030109
202405030110
202405030111
202405030112
202405030201
202405030202
202405030203
202405030204
202405030205
202405030206
202405030207
202405030208
202405030209
202405030210
202405030211
202405030212
202405030301
202405030302
202405030303
202405030304
202405030305
202405030306
202405030307
202405030308
202405030309
202405030310
202405030311
202405030312
202405030401
202405030402
202405030403
202405030404
202405030405
202405030406
202405030407
202405030408
202405030409
202405030410
202405030411
202405030412
202405030501
202405030502
202405030503
202405030504
202405030505
202405030506
202405030507
202405030508
202405030509
202405030510
202405030511
202405030512
202405030601
202405030602
202405030603
202405030604
202405030605
202405030606
202405030607
202405030608
202405030609
202405030610
202405030611
202405030612
202405030701
202405030702
202405030703
202405030704
202405030705
202405030706
202405030707
202405030708
202405030709
202405030710
202405030711
202405030712
202405030801
202405030802
202405030803
202405030804
202405030805
202405030806
202405030807
202405030808
202405030809
202405030810
202405030811
202405030812
202408040101
202408040102
202408040103
202408040104
202408040105
202408040106
202408040107
202408040108
202408040109
202408040110
202408040111
202408040112
202408040201
202408040202
202408040203
202408040204
202408040205
202408040206
202408040207
202408040208
202408040209
202408040210
202408040211
202408040212
202408040301
202408040302
202408040303
202408040304
202408040305
202408040306
202408040307
202408040308
202408040309
202408040310
202408040311
202408040312
202408040401
202408040402
202408040403
202408040404
202408040405
202408040406
202408040407
202408040408
202408040409
202408040410
202408040411
202408040412
202408040501
202408040502
202408040503
202408040504
202408040505
202408040506
202408040507
202408040508
202408040509
202408040510
202408040511
202408040512
202408040601
202408040602
202408040603
202408040604
202408040605
202408040606
202408040607
202408040608
202408040609
202408040610
202408040611
202408040612
202408040701
202408040702
202408040703
202408040704
202408040705
202408040706
202408040707
202408040708
202408040709
202408040710
202408040711
202408040712
202408040801
202408040802
202408040803
202408040804
202408040805
202408040806
202408040807
202408040808
202408040809
202408040810
202408040811
202408040812
202410030101
202410030102
202410030103
202410030104
202410030105
202410030106
202410030107
202410030108
202410030109
202410030110
202410030111
202410030112
202410030201
202410030202
202410030203
202410030204
202410030205
202410030206
202410030207
202410030208
202410030209
202410030210
202410030211
202410030212
202435063001
202435063002
202435063003
202435063004
202435063005
202435063006
202435063007
202435063008
202435063009
202435063010
202435063011
202436060201
202436060202
202436060203
202436060204
202436060205
202436060206
202436060207
202436060208
202436060209
202436060210
202436060211
202436060901
202436060902
202436060903
202436060904
202436060905
202436060906
202436060907
202436060908
202436060909
202436060910
202436060911
202436060912
202436061601
202436061602
202436061603
202436061604
202436061605
202436061606
202436061607
202436061608
202436061609
202436061610
202436061611
202436061612
202436062301
202436062302
202436062303
202436062304
202436062305
202436062306
202436062307
202436062308
202436062309
202436062310
202436062311
202443062901
202443062902
202443062903
202443062904
202443062905
202443062906
202443062907
202443062908
202443062909
202443062910
202443062911
202443062912
202443063001
202443063002
202443063003
202443063004
202443063005
202443063006
202443063007
202443063008
202443063009
202443063010
202443063011
202443063012
202446060201
202446060202
202446060203
202446060204
202446060205
202446060206
202446060207
202446060208
202446060209
202446060210
202446060211
202446060901
202446060902
202446060903
202446060904
202446060905
202446060906
202446060907
202446060908
202446060909
202446060910
202446060911
202446060912
202446061501
202446061502
202446061503
202446061504
202446061505
202446061506
202446061507
202446061508
202446061509
202446061510
202446061511
202446062301
202446062302
202446062303
202446062304
202446062305
202446062306
202446062307
202446062308
202446062309
202446062310
202446062311
202454060101
202454060102
202454060103
202454060104
202454060105
202454060106
202454060107
202454060108
202454060109
202454060110
202454060111
202454060201
202454060202
202454060203
202454060204
202454060205
202454060206
202454060207
202454060208
202454060209
202454060210
202454060211
202454060212
202454060801
202454060802
202454060803
202454060804
202454060805
202454060806
202454060807
202454060808
202454060809
202454060810
202454060811
202454060901
202454060902
202454060903
202454060904
202454060905
202454060906
202454060907
202454060908
202454060909
202454060910
202454060911
202454061501
202454061502
202454061503
202454061504
202454061505
202454061506
202454061507
202454061508
202454061509
202454061510
202454061511
202454061512
202454061601
202454061602
202454061603
202454061604
202454061605
202454061606
202454061607
202454061608
202454061609
202454061610
202454061611
202454061612
202454062201
202454062202
202454062203
202454062204
202454062205
202454062206
202454062207
202454062208
202454062209
202454062210
202454062211
202454062301
202454062302
202454062303
202454062304
202454062305
202454062306
202454062307
202454062308
202454062309
202454062310
202454062311
202454062901
202454062902
202454062903
202454062904
202454062905
202454062906
202454062907
202454062908
202454062909
202454062910
202454062911
202454063001
202454063002
202454063003
202454063004
202454063005
202454063006
202454063007
202454063008
202454063009
202454063010
202454063011
202455060101
202455060102
202455060103
202455060104
202455060105
202455060106
202455060107
202455060108
202455060109
202455060110
202455060111
202455060201
202455060202
202455060203
202455060204
202455060205
202455060206
202455060207
202455060208
202455060209
202455060210
202455060801
202455060802
202455060803
202455060804
202455060805
202455060806
202455060807
202455060808
202455060809
202455060810
202455060811
202455060901
202455060902
202455060903
202455060904
202455060905
202455060906
202455060907
202455060908
202455060909
202455060910
202455061501
202455061502
202455061503
202455061504
202455061505
202455061506
202455061507
202455061508
202455061509
202455061510
202455061511
202455061601
202455061602
202455061603
202455061604
202455061605
202455061606
202455061607
202455061608
202455061609
202455061610
202455061611
202455062201
202455062202
202455062203
202455062204
202455062205
202455062206
202455062207
202455062208
202455062209
202455062210
202455062211
202455062301
202455062302
202455062303
202455062304
202455062305
202455062306
202455062307
202455062308
202455062309
202455062310
202455062901
202455062902
202455062903
202455062904
202455062905
202455062906
202455062907
202455062908
202455062909
202455062910
202455062911
202455062912
202455063001
202455063002
202455063003
202455063004
202455063005
202455063006
202455063007
202455063008
202455063009
202455063010
202455063011
202465060101
202465060102
202465060103
202465060104
202465060105
202465060106
202465060107
202465060108
202465060109
202465060110
202465060111
202465060112
202465060201
202465060202
202465060203
202465060204
202465060205
202465060206
202465060207
202465060208
202465060209
202465060210
202465060211
202465060212
202465060801
202465060802
202465060803
202465060804
202465060805
202465060806
202465060807
202465060808
202465060809
202465060810
202465060811
202465060812
202465060901
202465060902
202465060903
202465060904
202465060905
202465060906
202465060907
202465060908
202465060909
202465060910
202465060911
202465060912
202465061501
202465061502
202465061503
202465061504
202465061505
202465061506
202465061507
202465061508
202465061509
202465061510
202465061511
202465061512
202465061601
202465061602
202465061603
202465061604
202465061605
202465061606
202465061607
202465061608
202465061609
202465061610
202465061611
202465061612
202465062201
202465062202
202465062203
202465062204
202465062205
202465062206
202465062207
202465062208
202465062209
202465062210
202465062211
202465062212
202465062301
202465062302
202465062303
202465062304
202465062305
202465062306
202465062307
202465062308
202465062309
202465062310
202465062311
202465062312
202465062901
202465062902
202465062903
202465062904
202465062905
202465062906
202465062907
202465062908
202465062909
202465062910
202465062911
202465062912
202465063001
202465063002
202465063003
202465063004
202465063005
202465063006
202465063007
202465063008
202465063009
202465063010
202465063011
202465063012