202404040101
202404040102
202404040103
202404040104
202404040105
202404040106
202404040107
202404040108
202404040109
202404040110
202404040111
202404040112
202404040201
202404040202
202404040203
202404040204
202404040205
202404040206
202404040207
202404040208
202404040209
202404040210
202404040211
202404040212
202404040301
202404040302
202404040303
202404040304
202404040305
202404040306
202404040307
202404040308
202404040309
202404040310
202404040311
202404040312
202404040401
202404040402
202404040403
202404040404
202404040405
202404040406
202404040407
202404040408
202404040409
202404040410
202404040411
202404040412
202404040501
202404040502
202404040503
202404040504
202404040505
202404040506
202404040507
202404040508
202404040509
202404040510
202404040511
202404040512
202404040601
202404040602
202404040603
202404040604
202404040605
202404040606
202404040607
202404040608
202404040609
202404040610
202404040611
202404040612
202404040701
202404040702
202404040703
202404040704
202404040705
202404040706
202404040707
202404040708
202404040709
202404040710
202404040711
202404040712
202404040801
202404040802
202404040803
202404040804
202404040805
202404040806
202404040807
202404040808
202404040809
202404040810
202404040811
202404040812
202405040101
202405040102
202405040103
202405040104
202405040105
202405040106
202405040107
202405040108
202405040109
202405040110
202405040111
202405040112
202405040201
202405040202
202405040203
202405040204
202405040205
202405040206
202405040207
202405040208
202405040209
202405040210
202405040211
202405040212
202405040301
202405040302
202405040303
202405040304
202405040305
202405040306
202405040307
202405040308
202405040309
202405040310
202405040311
202405040312
202405040401
202405040402
202405040403
202405040404
202405040405
202405040406
202405040407
202405040408
202405040409
202405040410
202405040411
202405040412
202405040501
202405040502
202405040503
202405040504
202405040505
202405040506
202405040507
202405040508
202405040509
202405040510
202405040511
202405040512
202405040601
202405040602
202405040603
202405040604
202405040605
202405040606
202405040607
202405040608
202405040609
202405040610
202405040611
202405040612
202405040701
202405040702
202405040703
202405040704
202405040705
202405040706
202405040707
202405040708
202405040709
202405040710
202405040711
202405040712
202405040801
202405040802
202405040803
202405040804
202405040805
202405040806
202405040807
202405040808
202405040809
202405040810
202405040811
202405040812
202408050101
202408050102
202408050103
202408050104
202408050105
202408050106
202408050107
202408050108
202408050109
202408050110
202408050111
202408050112
202408050201
202408050202
202408050203
202408050204
202408050205
202408050206
202408050207
202408050208
202408050209
202408050210
202408050211
202408050212
202408050301
202408050302
202408050303
202408050304
202408050305
202408050306
202408050307
202408050308
202408050309
202408050310
202408050311
202408050312
202408050401
202408050402
202408050403
202408050404
202408050405
202408050406
202408050407
202408050408
202408050409
202408050410
202408050411
202408050412
202408050501
202408050502
202408050503
202408050504
202408050505
202408050506
202408050507
202408050508
202408050509
202408050510
202408050511
202408050512
202408050601
202408050602
202408050603
202408050604
202408050605
202408050606
202408050607
202408050608
202408050609
202408050610
202408050611
202408050612
202408050701
202408050702
202408050703
202408050704
202408050705
202408050706
202408050707
202408050708
202408050709
202408050710
202408050711
202408050712
202408050801
202408050802
202408050803
202408050804
202408050805
202408050806
202408050807
202408050808
202408050809
202408050810
202408050811
202408050812
202435100601
202435100602
202435100603
202435100604
202435100605
202435100606
202435100607
202435100608
202435100609
202435100610
202435100611
202435101301
202435101302
202435101303
202435101304
202435101305
202435101306
202435101307
202435101308
202435101309
202435101310
202435101311
202435101312
202435101401
202435101402
202435101403
202435101404
202435101405
202435101406
202435101407
202435101408
202435101409
202435101410
202435101411
202435101412
202435102001
202435102002
202435102003
202435102004
202435102005
202435102006
202435102007
202435102008
202435102009
202435102010
202435102011
202435102012
202435102701
202435102702
202435102703
202435102704
202435102705
202435102706
202435102707
202435102708
202435102709
202435102710
202435102711
202435102712
202444101401
202444101402
202444101403
202444101404
202444101405
202444101406
202444101407
202444101408
202444101409
202444101410
202444101411
202444101412
202446100501
202446100502
202446100503
202446100504
202446100505
202446100506
202446100507
202446100508
202446100509
202446100510
202446100511
202446100512
202446101301
202446101302
202446101303
202446101304
202446101305
202446101306
202446101307
202446101308
202446101309
202446101310
202446102001
202446102002
202446102003
202446102004
202446102005
202446102006
202446102007
202446102008
202446102009
202446102010
202446102701
202446102702
202446102703
202446102704
202446102705
202446102706
202446102707
202446102708
202446102709
202446102710
202446102711
202454100501
202454100502
202454100503
202454100504
202454100505
202454100506
202454100507
202454100508
202454100509
202454100510
202454100511
202454100512
202454100601
202454100602
202454100603
202454100604
202454100605
202454100606
202454100607
202454100608
202454100609
202454100610
202454100611
202454100612
202454101301
202454101302
202454101303
202454101304
202454101305
202454101306
202454101307
202454101308
202454101309
202454101310
202454101311
202454101401
202454101402
202454101403
202454101404
202454101405
202454101406
202454101407
202454101408
202454101409
202454101410
202454101411
202454101901
202454101902
202454101903
202454101904
202454101905
202454101906
202454101907
202454101908
202454101909
202454101910
202454101911
202454101912
202454102001
202454102002
202454102003
202454102004
202454102005
202454102006
202454102007
202454102008
202454102009
202454102010
202454102011
202454102012
202454102601
202454102602
202454102603
202454102604
202454102605
202454102606
202454102607
202454102608
202454102609
202454102610
202454102611
202454102701
202454102702
202454102703
202454102704
202454102705
202454102706
202454102707
202454102708
202454102709
202454102710
202454102711
202455100601
202455100602
202455100603
202455100604
202455100605
202455100606
202455100607
202455100608
202455100609
202455100610
202455100611
202455101201
202455101202
202455101203
202455101204
202455101205
202455101206
202455101207
202455101208
202455101209
202455101210
202455101211
202455101301
202455101302
202455101303
202455101304
202455101305
202455101306
202455101307
202455101308
202455101309
202455101310
202455101311
202455101901
202455101902
202455101903
202455101904
202455101905
202455101906
202455101907
202455101908
202455101909
202455101910
202455101911
202455102001
202455102002
202455102003
202455102004
202455102005
202455102006
202455102007
202455102008
202455102009
202455102010
202455102011
202455102601
202455102602
202455102603
202455102604
202455102605
202455102606
202455102607
202455102608
202455102609
202455102610
202455102611
202455102612
202465100501
202465100502
202465100503
202465100504
202465100505
202465100506
202465100507
202465100508
202465100509
202465100510
202465100511
202465100512
202465100601
202465100602
202465100603
202465100604
202465100605
202465100606
202465100607
202465100608
202465100609
202465100610
202465100611
202465100612
202465101201
202465101202
202465101203
202465101204
202465101205
202465101206
202465101207
202465101208
202465101209
202465101210
202465101211
202465101212
202465101301
202465101302
202465101303
202465101304
202465101305
202465101306
202465101307
202465101308
202465101309
202465101310
202465101311
202465101312
202465101401
202465101402
202465101403
202465101404
202465101405
202465101406
202465101407
202465101408
202465101409
202465101410
202465101411
202465101412
202465101901
202465101902
202465101903
202465101904
202465101905
202465101906
202465101907
202465101908
202465101909
202465101910
202465101911
202465101912
202465102001
202465102002
202465102003
202465102004
202465102005
202465102006
202465102007
202465102008
202465102009
202465102010
202465102011
202465102012
202465102601
202465102602
202465102603
202465102604
202465102605
202465102606
202465102607
202465102608
202465102609
202465102610
202465102611
202465102612
202465102701
202465102702
202465102703
202465102704
202465102705
202465102706
202465102707
202465102708
202465102709
202465102710
202465102711
202465102712