202403030101
202403030102
202403030103
202403030104
202403030105
202403030106
202403030107
202403030108
202403030109
202403030110
202403030111
202403030112
202403030201
202403030202
202403030203
202403030204
202403030205
202403030206
202403030207
202403030208
202403030209
202403030210
202403030211
202403030212
202403030301
202403030302
202403030303
202403030304
202403030305
202403030306
202403030307
202403030308
202403030309
202403030310
202403030311
202403030312
202403030401
202403030402
202403030403
202403030404
202403030405
202403030406
202403030407
202403030408
202403030409
202403030410
202403030411
202403030412
202403030501
202403030502
202403030503
202403030504
202403030505
202403030506
202403030507
202403030508
202403030509
202403030510
202403030511
202403030512
202403030601
202403030602
202403030603
202403030604
202403030605
202403030606
202403030607
202403030608
202403030609
202403030610
202403030611
202403030612
202405050101
202405050102
202405050103
202405050104
202405050105
202405050106
202405050107
202405050108
202405050109
202405050110
202405050111
202405050112
202405050201
202405050202
202405050203
202405050204
202405050205
202405050206
202405050207
202405050208
202405050209
202405050210
202405050211
202405050212
202405050301
202405050302
202405050303
202405050304
202405050305
202405050306
202405050307
202405050308
202405050309
202405050310
202405050311
202405050312
202405050401
202405050402
202405050403
202405050404
202405050405
202405050406
202405050407
202405050408
202405050409
202405050410
202405050411
202405050412
202405050501
202405050502
202405050503
202405050504
202405050505
202405050506
202405050507
202405050508
202405050509
202405050510
202405050511
202405050512
202405050601
202405050602
202405050603
202405050604
202405050605
202405050606
202405050607
202405050608
202405050609
202405050610
202405050611
202405050612
202405050701
202405050702
202405050703
202405050704
202405050705
202405050706
202405050707
202405050708
202405050709
202405050710
202405050711
202405050712
202405050801
202405050802
202405050803
202405050804
202405050805
202405050806
202405050807
202405050808
202405050809
202405050810
202405050811
202405050812
202406050101
202406050102
202406050103
202406050104
202406050105
202406050106
202406050107
202406050108
202406050109
202406050110
202406050111
202406050112
202407040101
202407040102
202407040103
202407040104
202407040105
202407040106
202407040107
202407040108
202407040109
202407040110
202407040111
202407040112
202408060101
202408060102
202408060103
202408060104
202408060105
202408060106
202408060107
202408060109
202408060110
202408060111
202408060112
202408060201
202408060202
202408060203
202408060204
202408060205
202408060206
202408060207
202408060208
202408060209
202408060210
202408060211
202408060212
202408060301
202408060302
202408060303
202408060304
202408060305
202408060306
202408060307
202408060308
202408060309
202408060310
202408060311
202408060312
202408060401
202408060402
202408060403
202408060404
202408060405
202408060406
202408060407
202408060408
202408060409
202408060410
202408060411
202408060412
202408060501
202408060502
202408060503
202408060504
202408060505
202408060506
202408060507
202408060508
202408060509
202408060510
202408060511
202408060512
202408060601
202408060602
202408060603
202408060604
202408060605
202408060606
202408060607
202408060608
202408060609
202408060610
202408060611
202408060612
202408060701
202408060702
202408060703
202408060704
202408060705
202408060706
202408060707
202408060708
202408060709
202408060710
202408060711
202408060712
202408060801
202408060802
202408060803
202408060804
202408060805
202408060806
202408060807
202408060808
202408060809
202408060810
202408060811
202408060812
202408070101
202408070102
202408070103
202408070104
202408070105
202408070106
202408070107
202408070108
202408070109
202408070110
202408070111
202408070112
202435110301
202435110302
202435110303
202435110304
202435110305
202435110306
202435110307
202435110308
202435110309
202435110310
202435110311
202435110312
202435111001
202435111002
202435111003
202435111004
202435111005
202435111006
202435111007
202435111008
202435111009
202435111010
202435111011
202435111012
202436111701
202436111702
202436111703
202436111704
202436111705
202436111706
202436111707
202436111708
202436111709
202436111710
202436111711
202436111712
202436112401
202436112402
202436112403
202436112404
202436112405
202436112406
202436112407
202436112408
202436112409
202436112410
202436112411
202436112412
202446110201
202446110202
202446110203
202446110204
202446110205
202446110206
202446110207
202446110208
202446110209
202446110210
202446110211
202446110212
202446110301
202446110302
202446110303
202446110304
202446110305
202446110306
202446110307
202446110308
202446110309
202446110310
202446110311
202446110312
202446111001
202446111002
202446111003
202446111004
202446111005
202446111006
202446111007
202446111008
202446111009
202446111010
202446111011
202446111701
202446111702
202446111703
202446111704
202446111705
202446111706
202446111707
202446111708
202446111709
202446111710
202446111711
202446112401
202446112402
202446112403
202446112404
202446112405
202446112406
202446112407
202446112408
202446112409
202446112410
202446112411
202454110201
202454110202
202454110203
202454110204
202454110205
202454110206
202454110207
202454110208
202454110209
202454110210
202454110211
202454110212
202454110301
202454110302
202454110303
202454110304
202454110305
202454110306
202454110307
202454110308
202454110309
202454110310
202454110311
202454110312
202454110901
202454110902
202454110903
202454110904
202454110905
202454110906
202454110907
202454110908
202454110909
202454110910
202454110911
202454111001
202454111002
202454111003
202454111004
202454111005
202454111006
202454111007
202454111008
202454111009
202454111010
202454111601
202454111602
202454111603
202454111604
202454111605
202454111606
202454111607
202454111608
202454111609
202454111610
202454111611
202454111612
202454111701
202454111702
202454111703
202454111704
202454111705
202454111706
202454111707
202454111708
202454111709
202454111710
202454111711
202454111712
202454112301
202454112302
202454112303
202454112304
202454112305
202454112306
202454112307
202454112308
202454112309
202454112310
202454112311
202454112401
202454112402
202454112403
202454112404
202454112405
202454112406
202454112407
202454112408
202454112409
202454112410
202454112411
202454112412
202454113001
202454113002
202454113003
202454113004
202454113005
202454113006
202454113007
202454113008
202454113009
202454113010
202454113011
202454113012
202455110201
202455110202
202455110203
202455110204
202455110205
202455110206
202455110207
202455110208
202455110209
202455110210
202455110211
202455110212
202455110901
202455110902
202455110903
202455110904
202455110905
202455110906
202455110907
202455110908
202455110909
202455110910
202455110911
202455110912
202455111001
202455111002
202455111003
202455111004
202455111005
202455111006
202455111007
202455111008
202455111009
202455111010
202455111011
202455111012
202455111601
202455111602
202455111603
202455111604
202455111605
202455111606
202455111607
202455111608
202455111609
202455111610
202455111611
202455111612
202455111701
202455111702
202455111703
202455111704
202455111705
202455111706
202455111707
202455111708
202455111709
202455111710
202455112301
202455112302
202455112303
202455112304
202455112305
202455112306
202455112307
202455112308
202455112309
202455112310
202455112311
202455112312
202455112401
202455112402
202455112403
202455112404
202455112405
202455112406
202455112407
202455112408
202455112409
202455112410
202455112411
202455112412
202455113001
202455113002
202455113003
202455113004
202455113005
202455113006
202455113007
202455113008
202455113009
202455113010
202455113011
202465110201
202465110202
202465110203
202465110204
202465110205
202465110206
202465110207
202465110208
202465110209
202465110210
202465110211
202465110212
202465110301
202465110302
202465110303
202465110304
202465110305
202465110306
202465110307
202465110308
202465110309
202465110310
202465110311
202465110312
202465110901
202465110902
202465110903
202465110904
202465110905
202465110906
202465110907
202465110908
202465110909
202465110910
202465110911
202465110912
202465111001
202465111002
202465111003
202465111004
202465111005
202465111006
202465111007
202465111008
202465111009
202465111010
202465111011
202465111012
202465111601
202465111602
202465111603
202465111604
202465111605
202465111606
202465111607
202465111608
202465111609
202465111610
202465111611
202465111612
202465111701
202465111702
202465111703
202465111704
202465111705
202465111706
202465111707
202465111708
202465111709
202465111710
202465111711
202465111712
202465112301
202465112302
202465112303
202465112304
202465112305
202465112306
202465112307
202465112308
202465112309
202465112310
202465112311
202465112312
202465112401
202465112402
202465112403
202465112404
202465112405
202465112406
202465112407
202465112408
202465112409
202465112410
202465112411
202465112412
202465113001
202465113002
202465113003
202465113004
202465113005
202465113006
202465113007
202465113008
202465113009
202465113010
202465113011
202465113012