202406050201
202406050202
202406050203
202406050204
202406050205
202406050206
202406050207
202406050208
202406050209
202406050210
202406050211
202406050212
202406050301
202406050302
202406050303
202406050304
202406050305
202406050306
202406050307
202406050308
202406050309
202406050310
202406050311
202406050312
202406050401
202406050402
202406050403
202406050404
202406050405
202406050406
202406050407
202406050408
202406050409
202406050410
202406050411
202406050412
202406050501
202406050502
202406050503
202406050504
202406050505
202406050506
202406050507
202406050508
202406050509
202406050510
202406050511
202406050512
202406050601
202406050602
202406050603
202406050604
202406050605
202406050606
202406050607
202406050608
202406050609
202406050610
202406050611
202406050612
202406050701
202406050702
202406050703
202406050704
202406050705
202406050706
202406050707
202406050708
202406050709
202406050710
202406050711
202406050712
202406050801
202406050802
202406050803
202406050804
202406050805
202406050806
202406050807
202406050808
202406050809
202406050810
202406050811
202406050812
202406050901
202406050902
202406050903
202406050904
202406050905
202406050906
202406050907
202406050908
202406050909
202406050910
202406050911
202406050912
202407040201
202407040202
202407040203
202407040204
202407040205
202407040206
202407040207
202407040208
202407040209
202407040210
202407040211
202407040212
202407040301
202407040302
202407040303
202407040304
202407040305
202407040306
202407040307
202407040308
202407040309
202407040310
202407040311
202407040312
202407040401
202407040402
202407040403
202407040404
202407040405
202407040406
202407040407
202407040408
202407040409
202407040410
202407040411
202407040412
202407040501
202407040502
202407040503
202407040504
202407040505
202407040506
202407040507
202407040508
202407040509
202407040510
202407040511
202407040512
202407040601
202407040602
202407040603
202407040604
202407040605
202407040606
202407040607
202407040608
202407040609
202407040610
202407040611
202407040612
202408070201
202408070202
202408070203
202408070204
202408070205
202408070206
202408070207
202408070208
202408070209
202408070210
202408070211
202408070212
202408070301
202408070302
202408070303
202408070304
202408070305
202408070306
202408070307
202408070308
202408070309
202408070310
202408070311
202408070312
202408070401
202408070402
202408070403
202408070404
202408070405
202408070406
202408070407
202408070408
202408070409
202408070410
202408070411
202408070412
202408070501
202408070502
202408070503
202408070504
202408070505
202408070506
202408070507
202408070508
202408070509
202408070510
202408070511
202408070512
202408070601
202408070602
202408070603
202408070604
202408070605
202408070606
202408070607
202408070608
202408070609
202408070610
202408070611
202408070612
202408070701
202408070702
202408070703
202408070704
202408070705
202408070706
202408070707
202408070708
202408070709
202408070710
202408070711
202408070712
202408070801
202408070802
202408070803
202408070804
202408070805
202408070806
202408070807
202408070808
202408070809
202408070810
202408070811
202408070812
202408070901
202408070902
202408070903
202408070904
202408070905
202408070906
202408070907
202408070908
202408070909
202408070910
202408070911
202408070912
202436122201
202436122202
202436122203
202436122204
202436122205
202436122206
202436122207
202436122208
202436122209
202436122210
202436122211
202436122212
202436122801
202436122802
202436122803
202436122804
202436122805
202436122806
202436122807
202436122808
202436122809
202436122810
202436122811
202436122812
202444120101
202444120102
202444120103
202444120104
202444120105
202444120106
202444120107
202444120108
202444120109
202444120110
202446120101
202446120102
202446120103
202446120104
202446120105
202446120106
202446120107
202446120108
202446120109
202446120110
202446120111
202446120801
202446120802
202446120803
202446120804
202446120805
202446120806
202446120807
202446120808
202446120809
202446120810
202446120811
202446121501
202446121502
202446121503
202446121504
202446121505
202446121506
202446121507
202446121508
202446121509
202446121510
202446121511
202446122801
202446122802
202446122803
202446122804
202446122805
202446122806
202446122807
202446122808
202446122809
202446122810
202446122811
202454120101
202454120102
202454120103
202454120104
202454120105
202454120106
202454120107
202454120108
202454120109
202454120110
202454120111
202454120112
202454120701
202454120702
202454120703
202454120704
202454120705
202454120706
202454120707
202454120708
202454120709
202454120710
202454120711
202454120712
202454120801
202454120802
202454120803
202454120804
202454120805
202454120806
202454120807
202454120808
202454120809
202454120810
202454120811
202454120812
202454121401
202454121402
202454121403
202454121404
202454121405
202454121406
202454121407
202454121408
202454121409
202454121410
202454121411
202454121412
202454121501
202454121502
202454121503
202454121504
202454121505
202454121506
202454121507
202454121508
202454121509
202454121510
202454121511
202454121512
202454122101
202454122102
202454122103
202454122104
202454122105
202454122106
202454122107
202454122108
202454122109
202454122110
202454122111
202454122201
202454122202
202454122203
202454122204
202454122205
202454122206
202454122207
202454122208
202454122209
202454122210
202454122211
202454122212
202454122801
202454122802
202454122803
202454122804
202454122805
202454122806
202454122807
202454122808
202454122809
202454122810
202454122811
202455120101
202455120102
202455120103
202455120104
202455120105
202455120106
202455120107
202455120108
202455120109
202455120110
202455120111
202455120701
202455120702
202455120703
202455120704
202455120705
202455120706
202455120707
202455120708
202455120709
202455120710
202455120711
202455120712
202455120801
202455120802
202455120803
202455120804
202455120805
202455120806
202455120807
202455120808
202455120809
202455120810
202455120811
202455121401
202455121402
202455121403
202455121404
202455121405
202455121406
202455121407
202455121408
202455121409
202455121410
202455121411
202455121501
202455121502
202455121503
202455121504
202455121505
202455121506
202455121507
202455121508
202455121509
202455121510
202455121511
202455122101
202455122102
202455122103
202455122104
202455122105
202455122106
202455122107
202455122108
202455122109
202455122110
202455122111
202455122112
202455122201
202455122202
202455122203
202455122204
202455122205
202455122206
202455122207
202455122208
202455122209
202455122210
202455122211
202465120101
202465120102
202465120103
202465120104
202465120105
202465120106
202465120107
202465120108
202465120109
202465120110
202465120111
202465120112
202465120701
202465120702
202465120703
202465120704
202465120705
202465120706
202465120707
202465120708
202465120709
202465120710
202465120711
202465120712
202465120801
202465120802
202465120803
202465120804
202465120805
202465120806
202465120807
202465120808
202465120809
202465120810
202465120811
202465120812
202465121401
202465121402
202465121403
202465121404
202465121405
202465121406
202465121407
202465121408
202465121409
202465121410
202465121411
202465121412
202465121501
202465121502
202465121503
202465121504
202465121505
202465121506
202465121507
202465121508
202465121509
202465121510
202465121511
202465121512
202465122101
202465122102
202465122103
202465122104
202465122105
202465122106
202465122107
202465122108
202465122109
202465122110
202465122111
202465122112
202465122201
202465122202
202465122203
202465122204
202465122205
202465122206
202465122207
202465122208
202465122209
202465122210
202465122211
202465122212
202465122801
202465122802
202465122803
202465122804
202465122805
202465122806
202465122807
202465122808
202465122809
202465122810
202465122811
202465122812