202401010501
202401010502
202401010503
202401010504
202401010505
202401010506
202401010507
202401010508
202401010509
202401010510
202401010511
202401010512
202401010601
202401010602
202401010603
202401010604
202401010605
202401010606
202401010607
202401010608
202401010609
202401010610
202401010611
202401010612
202401020101
202401020102
202401020103
202401020104
202401020105
202401020106
202401020107
202401020108
202401020109
202401020110
202401020111
202401020112
202401020201
202401020202
202401020203
202401020204
202401020205
202401020206
202401020207
202401020208
202401020209
202401020210
202401020211
202401020212
202401020301
202401020302
202401020303
202401020304
202401020305
202401020306
202401020307
202401020308
202401020309
202401020310
202401020311
202401020312
202401020401
202401020402
202401020403
202401020404
202401020405
202401020406
202401020407
202401020408
202401020409
202401020410
202401020411
202401020412
202401020501
202401020502
202401020503
202401020504
202401020505
202401020506
202401020507
202401020508
202401020509
202401020510
202401020511
202401020512
202401020601
202401020602
202401020603
202401020604
202401020605
202401020606
202401020607
202401020608
202401020609
202401020610
202401020611
202401020612
202401020701
202401020702
202401020703
202401020704
202401020705
202401020706
202401020707
202401020708
202401020709
202401020710
202401020711
202401020712
202404020301
202404020302
202404020303
202404020304
202404020305
202404020306
202404020307
202404020308
202404020309
202404020310
202404020311
202404020312
202404020401
202404020402
202404020403
202404020404
202404020405
202404020406
202404020407
202404020408
202404020409
202404020410
202404020411
202404020412
202404030101
202404030102
202404030103
202404030104
202404030105
202404030106
202404030107
202404030108
202404030109
202404030110
202404030111
202404030112
202404030201
202404030202
202404030203
202404030204
202404030205
202404030206
202404030207
202404030208
202404030209
202404030210
202404030211
202404030212
202404030301
202404030302
202404030303
202404030304
202404030305
202404030306
202404030307
202404030308
202404030309
202404030310
202404030311
202404030312
202404030401
202404030402
202404030403
202404030404
202404030405
202404030406
202404030407
202404030408
202404030409
202404030410
202404030411
202404030412
202404030501
202404030502
202404030503
202404030504
202404030505
202404030506
202404030507
202404030508
202404030509
202404030510
202404030511
202404030512
202404030601
202404030602
202404030603
202404030604
202404030605
202404030606
202404030607
202404030608
202404030609
202404030610
202404030611
202404030701
202404030702
202404030703
202404030704
202404030705
202404030706
202404030707
202404030708
202404030709
202404030710
202404030711
202404030712
202407020101
202407020102
202407020103
202407020104
202407020105
202407020106
202407020107
202407020108
202407020109
202407020110
202407020111
202407020112
202407020201
202407020202
202407020203
202407020204
202407020205
202407020206
202407020207
202407020208
202407020209
202407020210
202407020211
202407020212
202407020301
202407020302
202407020303
202407020304
202407020305
202407020306
202407020307
202407020308
202407020309
202407020310
202407020311
202407020312
202407020401
202407020402
202407020403
202407020404
202407020405
202407020406
202407020407
202407020408
202407020409
202407020410
202407020411
202407020412
202407020501
202407020502
202407020503
202407020504
202407020505
202407020506
202407020507
202407020508
202407020509
202407020510
202407020511
202407020512
202407020601
202407020602
202407020603
202407020604
202407020605
202407020606
202407020607
202407020608
202407020609
202407020610
202407020611
202407020612
202407020701
202407020702
202407020703
202407020704
202407020705
202407020706
202407020707
202407020708
202407020709
202407020710
202407020711
202407020712
202435080401
202435080402
202435080403
202435080404
202435080405
202435080406
202435080407
202435080408
202435080409
202435080410
202435080411
202435080412
202435081101
202435081102
202435081103
202435081104
202435081105
202435081106
202435081107
202435081108
202435081109
202435081110
202435081111
202435081801
202435081802
202435081803
202435081804
202435081805
202435081806
202435081807
202435081808
202435081809
202435081810
202435081811
202435082501
202435082502
202435082503
202435082504
202435082505
202435082506
202435082507
202435082508
202435082509
202435082510
202435082511
202444081701
202444081702
202444081703
202444081704
202444081705
202444081706
202444081707
202444081708
202444081709
202444081710
202444081711
202444081712
202446081101
202446081102
202446081103
202446081104
202446081105
202446081106
202446081107
202446081108
202446081109
202446081110
202446081111
202446081112
202446081801
202446081802
202446081803
202446081804
202446081805
202446081806
202446081807
202446081808
202446081809
202446081810
202446081811
202446081812
202446082501
202446082502
202446082503
202446082504
202446082505
202446082506
202446082507
202446082508
202446082509
202446082510
202446082511
202446082512
202454080301
202454080302
202454080303
202454080304
202454080305
202454080306
202454080307
202454080308
202454080309
202454080310
202454080311
202454080312
202454080401
202454080402
202454080403
202454080404
202454080405
202454080406
202454080407
202454080408
202454080409
202454080410
202454080411
202454080412
202455080301
202455080302
202455080303
202455080304
202455080305
202455080306
202455080307
202455080308
202455080309
202455080310
202455080311
202455081001
202455081002
202455081003
202455081004
202455081005
202455081006
202455081007
202455081008
202455081009
202455081010
202455081101
202455081102
202455081103
202455081104
202455081105
202455081106
202455081107
202455081108
202455081109
202455081110
202455081111
202455081701
202455081702
202455081703
202455081704
202455081705
202455081706
202455081707
202455081708
202455081709
202455081710
202455081801
202455081802
202455081803
202455081804
202455081805
202455081806
202455081807
202455081808
202455081809
202455081810
202455081811
202455082401
202455082402
202455082403
202455082404
202455082405
202455082406
202455082407
202455082408
202455082409
202455082410
202455082411
202455082501
202455082502
202455082503
202455082504
202455082505
202455082506
202455082507
202455082508
202455082509
202455082510
202455082511
202455083101
202455083102
202455083103
202455083104
202455083105
202455083106
202455083107
202455083108
202455083109
202455083110
202455083111
202465080301
202465080302
202465080303
202465080304
202465080305
202465080306
202465080307
202465080308
202465080309
202465080310
202465080311
202465080312
202465080401
202465080402
202465080403
202465080404
202465080405
202465080406
202465080407
202465080408
202465080409
202465080410
202465080411
202465080412
202465081001
202465081002
202465081003
202465081004
202465081005
202465081006
202465081007
202465081008
202465081009
202465081010
202465081011
202465081012
202465081101
202465081102
202465081103
202465081104
202465081105
202465081106
202465081107
202465081108
202465081109
202465081110
202465081111
202465081112
202465081701
202465081702
202465081703
202465081704
202465081705
202465081706
202465081707
202465081708
202465081709
202465081710
202465081711
202465081712
202465081801
202465081802
202465081803
202465081804
202465081805
202465081806
202465081807
202465081808
202465081809
202465081810
202465081811
202465081812
202465082401
202465082402
202465082403
202465082404
202465082405
202465082406
202465082407
202465082408
202465082409
202465082410
202465082411
202465082412
202465082501
202465082502
202465082503
202465082504
202465082505
202465082506
202465082507
202465082508
202465082509
202465082510
202465082511
202465082512
202465083101
202465083102
202465083103
202465083104
202465083105
202465083106
202465083107
202465083108
202465083109
202465083110
202465083111
202465083112