202401020801
202401020802
202401020803
202401020804
202401020805
202401020806
202401020807
202401020808
202401020809
202401020810
202401020811
202401020812
202404030801
202404030802
202404030803
202404030804
202404030805
202404030806
202404030807
202404030808
202404030809
202404030810
202404030811
202404030812
202406040101
202406040102
202406040103
202406040104
202406040105
202406040106
202406040107
202406040108
202406040109
202406040110
202406040111
202406040112
202406040201
202406040202
202406040203
202406040204
202406040205
202406040206
202406040207
202406040208
202406040209
202406040210
202406040211
202406040212
202406040301
202406040302
202406040303
202406040304
202406040305
202406040306
202406040307
202406040308
202406040309
202406040310
202406040311
202406040312
202406040401
202406040402
202406040403
202406040404
202406040405
202406040406
202406040407
202406040408
202406040409
202406040410
202406040411
202406040412
202406040501
202406040502
202406040503
202406040504
202406040505
202406040506
202406040507
202406040508
202406040509
202406040510
202406040511
202406040512
202406040601
202406040602
202406040603
202406040604
202406040605
202406040606
202406040607
202406040608
202406040609
202406040610
202406040611
202406040612
202406040701
202406040702
202406040703
202406040704
202406040705
202406040706
202406040707
202406040708
202406040709
202406040710
202406040711
202406040712
202406040801
202406040802
202406040803
202406040804
202406040805
202406040806
202406040807
202406040808
202406040809
202406040810
202406040811
202406040812
202406040901
202406040902
202406040903
202406040904
202406040905
202406040906
202406040907
202406040908
202406040909
202406040910
202406040911
202406040912
202407020801
202407020802
202407020803
202407020804
202407020805
202407020806
202407020807
202407020808
202407020809
202407020810
202407020811
202407020812
202407030101
202407030102
202407030103
202407030104
202407030105
202407030106
202407030107
202407030108
202407030109
202407030110
202407030111
202407030112
202407030201
202407030202
202407030203
202407030204
202407030205
202407030206
202407030207
202407030208
202407030209
202407030210
202407030211
202407030212
202407030301
202407030302
202407030303
202407030304
202407030305
202407030306
202407030307
202407030308
202407030309
202407030310
202407030311
202407030312
202407030401
202407030402
202407030403
202407030404
202407030405
202407030406
202407030407
202407030408
202407030409
202407030410
202407030411
202407030412
202407030501
202407030502
202407030503
202407030504
202407030505
202407030506
202407030507
202407030508
202407030509
202407030510
202407030511
202407030512
202407030601
202407030602
202407030603
202407030604
202407030605
202407030606
202407030607
202407030608
202407030609
202407030610
202407030611
202407030612
202407030701
202407030702
202407030703
202407030704
202407030705
202407030706
202407030707
202407030708
202407030709
202407030710
202407030711
202407030712
202407030801
202407030802
202407030803
202407030804
202407030805
202407030806
202407030807
202407030808
202407030809
202407030810
202407030811
202407030812
202407030901
202407030902
202407030903
202407030904
202407030905
202407030906
202407030907
202407030908
202407030909
202407030910
202407030911
202407030912
202435090101
202435090102
202435090103
202435090104
202435090105
202435090106
202435090107
202435090108
202435090109
202435090110
202435090111
202436090801
202436090802
202436090803
202436090804
202436090805
202436090806
202436090807
202436090808
202436090809
202436090810
202436090811
202436091501
202436091502
202436091503
202436091504
202436091505
202436091506
202436091507
202436091508
202436091509
202436091510
202436091511
202436091601
202436091602
202436091603
202436091604
202436091605
202436091606
202436091607
202436091608
202436091609
202436091610
202436091611
202436091612
202436092201
202436092202
202436092203
202436092204
202436092205
202436092206
202436092207
202436092208
202436092209
202436092210
202436092211
202436092212
202436092901
202436092902
202436092903
202436092904
202436092905
202436092906
202436092907
202436092908
202436092909
202436092910
202436092911
202436092912
202444090801
202444090802
202444090803
202444090804
202444090805
202444090806
202444090807
202444090808
202444092901
202444092902
202444092903
202444092904
202444092905
202444092906
202444092907
202444092908
202446090101
202446090102
202446090103
202446090104
202446090105
202446090106
202446090107
202446090108
202446090109
202446090110
202446090111
202446090112
202446090701
202446090702
202446090703
202446090704
202446090705
202446090706
202446090707
202446090708
202446090709
202446090710
202446090711
202446090712
202446091501
202446091502
202446091503
202446091504
202446091505
202446091506
202446091507
202446091508
202446091509
202446091510
202446091511
202446091512
202446092101
202446092102
202446092103
202446092104
202446092105
202446092106
202446092107
202446092108
202446092109
202446092110
202446092111
202446092112
202454090701
202454090702
202454090703
202454090704
202454090705
202454090706
202454090707
202454090708
202454090709
202454090710
202454090711
202454090712
202454090801
202454090802
202454090803
202454090804
202454090805
202454090806
202454090807
202454090808
202454090809
202454090810
202454090811
202454090812
202454091501
202454091502
202454091503
202454091504
202454091505
202454091506
202454091507
202454091508
202454091509
202454091510
202454091511
202454091601
202454091602
202454091603
202454091604
202454091605
202454091606
202454091607
202454091608
202454091609
202454091610
202454091611
202454091612
202454092201
202454092202
202454092203
202454092204
202454092205
202454092206
202454092207
202454092208
202454092209
202454092210
202454092211
202454092212
202454092801
202454092802
202454092803
202454092804
202454092805
202454092806
202454092807
202454092808
202454092809
202454092810
202454092811
202454092901
202454092902
202454092903
202454092904
202454092905
202454092906
202454092907
202454092908
202454092909
202454092910
202454092911
202454092912
202455090101
202455090102
202455090103
202455090104
202455090105
202455090106
202455090107
202455090108
202455090109
202455090110
202455090111
202455090112
202455090701
202455090702
202455090703
202455090704
202455090705
202455090706
202455090707
202455090708
202455090709
202455090710
202455090711
202455090712
202455090801
202455090802
202455090803
202455090804
202455090805
202455090806
202455090807
202455090808
202455090809
202455090810
202455090811
202455091401
202455091402
202455091403
202455091404
202455091405
202455091406
202455091407
202455091408
202455091409
202455091410
202455091411
202455091412
202455091501
202455091502
202455091503
202455091504
202455091505
202455091506
202455091507
202455091508
202455091509
202455091510
202455091601
202455091602
202455091603
202455091604
202455091605
202455091606
202455091607
202455091608
202455091609
202455091610
202455091611
202455092101
202455092102
202455092103
202455092104
202455092105
202455092106
202455092107
202455092108
202455092109
202455092110
202455092111
202455092201
202455092202
202455092203
202455092204
202455092205
202455092206
202455092207
202455092208
202455092209
202455092210
202455092801
202455092802
202455092803
202455092804
202455092805
202455092806
202455092807
202455092808
202455092809
202455092810
202455092811
202455092901
202455092902
202455092903
202455092904
202455092905
202455092906
202455092907
202455092908
202455092909
202455092910
202465090101
202465090102
202465090103
202465090104
202465090105
202465090106
202465090107
202465090108
202465090109
202465090110
202465090111
202465090112
202465090701
202465090702
202465090703
202465090704
202465090705
202465090706
202465090707
202465090708
202465090709
202465090710
202465090711
202465090712
202465090801
202465090802
202465090803
202465090804
202465090805
202465090806
202465090807
202465090808
202465090809
202465090810
202465090811
202465090812
202465091401
202465091402
202465091403
202465091404
202465091405
202465091406
202465091407
202465091408
202465091409
202465091410
202465091411
202465091412
202465091501
202465091502
202465091503
202465091504
202465091505
202465091506
202465091507
202465091508
202465091509
202465091510
202465091511
202465091512
202465091601
202465091602
202465091603
202465091604
202465091605
202465091606
202465091607
202465091608
202465091609
202465091610
202465091611
202465091612
202465092101
202465092102
202465092103
202465092104
202465092105
202465092106
202465092107
202465092108
202465092109
202465092110
202465092111
202465092112
202465092201
202465092202
202465092203
202465092204
202465092205
202465092206
202465092207
202465092208
202465092209
202465092210
202465092211
202465092212
202465092801
202465092802
202465092803
202465092804
202465092805
202465092806
202465092807
202465092808
202465092809
202465092810
202465092811
202465092812
202465092901
202465092902
202465092903
202465092904
202465092905
202465092906
202465092907
202465092908
202465092909
202465092910
202465092911
202465092912