202406020301
202406020302
202406020303
202406020304
202406020305
202406020306
202406020307
202406020308
202406020309
202406020310
202406020311
202406020312
202406020401
202406020402
202406020403
202406020404
202406020405
202406020406
202406020407
202406020408
202406020409
202406020410
202406020411
202406020412
202406020501
202406020502
202406020503
202406020504
202406020505
202406020506
202406020507
202406020508
202406020509
202406020510
202406020511
202406020512
202406020601
202406020602
202406020603
202406020604
202406020605
202406020606
202406020607
202406020608
202406020609
202406020610
202406020611
202406020612
202406020701
202406020702
202406020703
202406020704
202406020705
202406020706
202406020707
202406020708
202406020709
202406020710
202406020711
202406020712
202406020801
202406020802
202406020803
202406020804
202406020805
202406020806
202406020807
202406020808
202406020809
202406020810
202406020811
202406020812
202406030101
202406030102
202406030103
202406030104
202406030105
202406030106
202406030107
202406030108
202406030109
202406030110
202406030111
202406030112
202406030201
202406030202
202406030203
202406030204
202406030205
202406030206
202406030207
202406030208
202406030209
202406030210
202406030211
202406030212
202406030301
202406030302
202406030303
202406030304
202406030305
202406030306
202406030307
202406030308
202406030309
202406030310
202406030311
202406030312
202406030401
202406030402
202406030403
202406030404
202406030405
202406030406
202406030407
202406030408
202406030409
202406030410
202406030411
202406030412
202407010101
202407010102
202407010103
202407010104
202407010105
202407010106
202407010107
202407010108
202407010109
202407010110
202407010111
202407010112
202407010201
202407010202
202407010203
202407010204
202407010205
202407010206
202407010207
202407010208
202407010209
202407010210
202407010211
202407010212
202407010301
202407010302
202407010303
202407010304
202407010305
202407010306
202407010307
202407010308
202407010309
202407010310
202407010311
202407010312
202407010401
202407010402
202407010403
202407010404
202407010405
202407010406
202407010407
202407010408
202407010409
202407010410
202407010411
202407010412
202407010501
202407010502
202407010503
202407010504
202407010505
202407010506
202407010507
202407010508
202407010509
202407010510
202407010511
202407010512
202407010601
202407010602
202407010603
202407010604
202407010605
202407010606
202407010607
202407010608
202407010609
202407010610
202407010611
202407010612
202409010301
202409010302
202409010303
202409010304
202409010305
202409010306
202409010307
202409010308
202409010309
202409010310
202409010311
202409010312
202409010401
202409010402
202409010403
202409010404
202409010405
202409010406
202409010407
202409010408
202409010409
202409010410
202409010411
202409010412
202409010501
202409010502
202409010503
202409010504
202409010505
202409010506
202409010507
202409010508
202409010509
202409010510
202409010511
202409010512
202409010601
202409010602
202409010603
202409010604
202409010605
202409010606
202409010607
202409010608
202409010609
202409010610
202409010611
202409010612
202409010701
202409010702
202409010703
202409010704
202409010705
202409010706
202409010707
202409010708
202409010709
202409010710
202409010711
202409010712
202409010801
202409010802
202409010803
202409010804
202409010805
202409010806
202409010807
202409010808
202409010809
202409010810
202409010811
202409010812
202409020101
202409020102
202409020103
202409020104
202409020105
202409020106
202409020107
202409020108
202409020109
202409020110
202409020111
202409020112
202409020201
202409020202
202409020203
202409020204
202409020205
202409020206
202409020207
202409020208
202409020209
202409020210
202409020211
202409020212
202409020301
202409020302
202409020303
202409020304
202409020305
202409020306
202409020307
202409020308
202409020309
202409020310
202409020311
202409020312
202409020401
202409020402
202409020403
202409020404
202409020405
202409020406
202409020407
202409020408
202409020409
202409020410
202409020411
202409020412
202410020701
202410020702
202410020703
202410020704
202410020705
202410020706
202410020707
202410020708
202410020709
202410020710
202410020711
202410020712
202410020801
202410020802
202410020803
202410020804
202410020805
202410020806
202410020807
202410020808
202410020809
202410020810
202410020811
202410020812
202436031001
202436031002
202436031003
202436031004
202436031005
202436031006
202436031007
202436031008
202436031009
202436031010
202436031011
202436031701
202436031702
202436031703
202436031704
202436031705
202436031706
202436031707
202436031708
202436031709
202436031710
202436031711
202436032301
202436032302
202436032303
202436032304
202436032305
202436032306
202436032307
202436032308
202436032309
202436032310
202436032311
202436032312
202436032401
202436032402
202436032403
202436032404
202436032405
202436032406
202436032407
202436032408
202436032409
202436032410
202436032411
202436032412
202436033001
202436033002
202436033003
202436033004
202436033005
202436033006
202436033007
202436033008
202436033009
202436033010
202436033011
202436033012
202436033101
202436033102
202436033103
202436033104
202436033105
202436033106
202436033107
202436033108
202436033109
202436033110
202436033111
202436033112
202446031001
202446031002
202446031003
202446031004
202446031005
202446031006
202446031007
202446031008
202446031009
202446031010
202446031011
202446031012
202446031701
202446031702
202446031703
202446031704
202446031705
202446031706
202446031707
202446031708
202446031709
202446031710
202454030301
202454030302
202454030303
202454030304
202454030305
202454030306
202454030307
202454030308
202454030309
202454030310
202454031001
202454031002
202454031003
202454031004
202454031005
202454031006
202454031007
202454031008
202454031009
202454031010
202454031701
202454031702
202454031703
202454031704
202454031705
202454031706
202454031707
202454031708
202454031709
202454032401
202454032402
202454032403
202454032404
202454032405
202454032406
202454032407
202454032408
202454032409
202454032410
202454032411
202454032412
202455030201
202455030202
202455030203
202455030204
202455030205
202455030206
202455030207
202455030208
202455030209
202455030210
202455030211
202455030301
202455030302
202455030303
202455030304
202455030305
202455030306
202455030307
202455030308
202455030309
202455030310
202455030311
202455030901
202455030902
202455030903
202455030904
202455030905
202455030906
202455030907
202455030908
202455030909
202455030910
202455030911
202455031001
202455031002
202455031003
202455031004
202455031005
202455031006
202455031007
202455031008
202455031009
202455031010
202455031601
202455031602
202455031603
202455031604
202455031605
202455031606
202455031607
202455031608
202455031609
202455031610
202455031611
202455032301
202455032302
202455032303
202455032304
202455032305
202455032306
202455032307
202455032308
202455032309
202455032310
202455032311
202455032401
202455032402
202455032403
202455032404
202455032405
202455032406
202455032407
202455032408
202455032409
202455032410
202455032411
202455033001
202455033002
202455033003
202455033004
202455033005
202455033006
202455033007
202455033008
202455033009
202455033010
202455033011
202455033101
202455033102
202455033103
202455033104
202455033105
202455033106
202455033107
202455033108
202455033109
202455033110
202455033111
202465030201
202465030202
202465030203
202465030204
202465030205
202465030206
202465030207
202465030208
202465030209
202465030210
202465030211
202465030212
202465030301
202465030302
202465030303
202465030304
202465030305
202465030306
202465030307
202465030308
202465030309
202465030310
202465030311
202465030312
202465030901
202465030902
202465030903
202465030904
202465030905
202465030906
202465030907
202465030908
202465030909
202465030910
202465030911
202465030912
202465031001
202465031002
202465031003
202465031004
202465031005
202465031006
202465031007
202465031008
202465031009
202465031010
202465031011
202465031012
202465031601
202465031602
202465031603
202465031604
202465031605
202465031606
202465031607
202465031608
202465031609
202465031610
202465031611
202465031612
202465031701
202465031702
202465031703
202465031704
202465031705
202465031706
202465031707
202465031708
202465031709
202465031710
202465031711
202465031712