202504040101
202504040102
202504040103
202504040104
202504040105
202504040106
202504040107
202504040108
202504040109
202504040110
202504040111
202504040112
202504040201
202504040202
202504040203
202504040204
202504040205
202504040206
202504040207
202504040208
202504040209
202504040210
202504040211
202504040212
202504040301
202504040302
202504040303
202504040304
202504040305
202504040306
202504040307
202504040308
202504040309
202504040310
202504040311
202504040312
202504040401
202504040402
202504040403
202504040404
202504040405
202504040406
202504040407
202504040408
202504040409
202504040410
202504040411
202504040412
202505040101
202505040102
202505040103
202505040104
202505040105
202505040106
202505040107
202505040108
202505040109
202505040110
202505040111
202505040112
202505040201
202505040202
202505040203
202505040204
202505040205
202505040206
202505040207
202505040208
202505040209
202505040210
202505040211
202505040212
202505040301
202505040302
202505040303
202505040304
202505040305
202505040306
202505040307
202505040308
202505040309
202505040310
202505040311
202505040312
202505040401
202505040402
202505040403
202505040404
202505040405
202505040406
202505040407
202505040408
202505040409
202505040410
202505040411
202505040412
202505040501
202505040502
202505040503
202505040504
202505040505
202505040506
202505040507
202505040508
202505040509
202505040510
202505040511
202505040512
202505040601
202505040602
202505040603
202505040604
202505040605
202505040606
202505040607
202505040608
202505040609
202505040610
202505040611
202505040612
202505040701
202505040702
202505040703
202505040704
202505040705
202505040706
202505040707
202505040708
202505040709
202505040710
202505040711
202505040712
202505040801
202505040802
202505040803
202505040804
202505040805
202505040806
202505040807
202505040808
202505040809
202505040810
202505040811
202505040812
202505040901
202505040902
202505040903
202505040904
202505040905
202505040906
202505040907
202505040908
202505040909
202505040910
202505040911
202505040912
202508030101
202508030102
202508030103
202508030104
202508030105
202508030106
202508030107
202508030108
202508030109
202508030110
202508030111
202508030112
202508030201
202508030202
202508030203
202508030204
202508030205
202508030206
202508030207
202508030208
202508030209
202508030210
202508030211
202508030212
202508030301
202508030302
202508030303
202508030304
202508030305
202508030306
202508030307
202508030308
202508030309
202508030310
202508030311
202508030312
202508030401
202508030402
202508030403
202508030404
202508030405
202508030406
202508030407
202508030408
202508030409
202508030410
202508030411
202508030412
202508030501
202508030502
202508030503
202508030504
202508030505
202508030506
202508030507
202508030508
202508030509
202508030510
202508030511
202508030512
202508030601
202508030602
202508030603
202508030604
202508030605
202508030606
202508030607
202508030608
202508030609
202508030610
202508030611
202508030612
202508030701
202508030702
202508030703
202508030704
202508030705
202508030706
202508030707
202508030708
202508030709
202508030710
202508030711
202508030712
202508030801
202508030802
202508030803
202508030804
202508030805
202508030806
202508030807
202508030808
202508030809
202508030810
202508030811
202508030812
202508030901
202508030902
202508030903
202508030904
202508030905
202508030906
202508030907
202508030908
202508030909
202508030910
202508030911
202508030912
202535101201
202535101202
202535101203
202535101204
202535101205
202535101206
202535101207
202535101208
202535101209
202535101210
202535101211
202535101212
202535101301
202535101302
202535101303
202535101304
202535101305
202535101306
202535101307
202535101308
202535101309
202535101310
202535101311
202535101312
202535101901
202535101902
202535101903
202535101904
202535101905
202535101906
202535101907
202535101908
202535101909
202535101910
202535101911
202535101912
202535102601
202535102602
202535102603
202535102604
202535102605
202535102606
202535102607
202535102608
202535102609
202535102610
202535102611
202535102612
202536100501
202536100502
202536100503
202536100504
202536100505
202536100506
202536100507
202536100508
202536100509
202536100510
202536100511
202536100512
202544100501
202544100502
202544100503
202544100504
202544100505
202544100506
202544100507
202544100508
202545101301
202545101302
202545101303
202545101304
202545101305
202545101306
202545101307
202545101308
202545101309
202545101310
202545101311
202545101312
202546101101
202546101102
202546101103
202546101104
202546101105
202546101106
202546101107
202546101108
202546101109
202546101110
202546101201
202546101202
202546101203
202546101204
202546101205
202546101206
202546101207
202546101208
202546101209
202546101210
202546101901
202546101902
202546101903
202546101904
202546101905
202546101906
202546101907
202546101908
202546101909
202546101910
202546102501
202546102502
202546102503
202546102504
202546102505
202546102506
202546102507
202546102508
202546102509
202546102510
202554100401
202554100402
202554100403
202554100404
202554100405
202554100406
202554100407
202554100408
202554100409
202554100410
202554100411
202554100501
202554100502
202554100503
202554100504
202554100505
202554100506
202554100507
202554100508
202554100509
202554100510
202554100511
202554101101
202554101102
202554101103
202554101104
202554101105
202554101106
202554101107
202554101108
202554101109
202554101110
202554101111
202554101112
202554101201
202554101202
202554101203
202554101204
202554101205
202554101206
202554101207
202554101208
202554101209
202554101210
202554101211
202554101212
202554101801
202554101802
202554101803
202554101804
202554101805
202554101806
202554101807
202554101808
202554101809
202554101810
202554101811
202554101812
202554101901
202554101902
202554101903
202554101904
202554101905
202554101906
202554101907
202554101908
202554101909
202554101910
202554101911
202554101912
202554102501
202554102502
202554102503
202554102504
202554102505
202554102506
202554102507
202554102508
202554102509
202554102510
202554102511
202554102601
202554102602
202554102603
202554102604
202554102605
202554102606
202554102607
202554102608
202554102609
202554102610
202554102611
202555100401
202555100402
202555100403
202555100404
202555100405
202555100406
202555100407
202555100408
202555100409
202555100410
202555100411
202555100501
202555100502
202555100503
202555100504
202555100505
202555100506
202555100507
202555100508
202555100509
202555100510
202555101101
202555101102
202555101103
202555101104
202555101105
202555101106
202555101107
202555101108
202555101109
202555101110
202555101111
202555101201
202555101202
202555101203
202555101204
202555101205
202555101206
202555101207
202555101208
202555101209
202555101210
202555101211
202555101301
202555101302
202555101303
202555101304
202555101305
202555101306
202555101307
202555101308
202555101309
202555101310
202555101311
202555101801
202555101802
202555101803
202555101804
202555101805
202555101806
202555101807
202555101808
202555101809
202555101810
202555101811
202555101812
202555101901
202555101902
202555101903
202555101904
202555101905
202555101906
202555101907
202555101908
202555101909
202555101910
202555101911
202555102501
202555102502
202555102503
202555102504
202555102505
202555102506
202555102507
202555102508
202555102509
202555102510
202555102511
202555102601
202555102602
202555102603
202555102604
202555102605
202555102606
202555102607
202555102608
202555102609
202555102610
202565100401
202565100402
202565100403
202565100404
202565100405
202565100406
202565100407
202565100408
202565100409
202565100410
202565100411
202565100412
202565100501
202565100502
202565100503
202565100504
202565100505
202565100506
202565100507
202565100508
202565100509
202565100510
202565100511
202565100512
202565101101
202565101102
202565101103
202565101104
202565101105
202565101106
202565101107
202565101108
202565101109
202565101110
202565101111
202565101112
202565101201
202565101202
202565101203
202565101204
202565101205
202565101206
202565101207
202565101208
202565101209
202565101210
202565101211
202565101212
202565101301
202565101302
202565101303
202565101304
202565101305
202565101306
202565101307
202565101308
202565101309
202565101310
202565101311
202565101312
202565101801
202565101802
202565101803
202565101804
202565101805
202565101806
202565101807
202565101808
202565101809
202565101810
202565101811
202565101812
202565101901
202565101902
202565101903
202565101904
202565101905
202565101906
202565101907
202565101908
202565101909
202565101910
202565101911
202565101912
202565102501
202565102502
202565102503
202565102504
202565102505
202565102506
202565102507
202565102508
202565102509
202565102510
202565102511
202565102512
202565102601
202565102602
202565102603
202565102604
202565102605
202565102606
202565102607
202565102608
202565102609
202565102610
202565102611
202565102612