202506010101
202506010102
202506010103
202506010104
202506010105
202506010106
202506010107
202506010108
202506010109
202506010110
202506010111
202506010112
202506010201
202506010202
202506010203
202506010204
202506010205
202506010206
202506010207
202506010208
202506010209
202506010210
202506010211
202506010212
202506010301
202506010302
202506010303
202506010304
202506010305
202506010306
202506010307
202506010308
202506010309
202506010310
202506010311
202506010312
202506010401
202506010402
202506010403
202506010404
202506010405
202506010406
202506010407
202506010408
202506010409
202506010410
202506010411
202506010412
202506010501
202506010502
202506010503
202506010504
202506010505
202506010506
202506010507
202506010508
202506010509
202506010510
202506010511
202506010512
202506010601
202506010602
202506010603
202506010604
202506010605
202506010606
202506010607
202506010608
202506010609
202506010610
202506010611
202506010612
202506010701
202506010702
202506010703
202506010704
202506010705
202506010706
202506010707
202506010708
202506010709
202506010710
202506010711
202506010712
202506010801
202506010802
202506010803
202506010804
202506010805
202506010806
202506010807
202506010808
202506010809
202506010810
202506010811
202506010812
202506010901
202506010902
202506010903
202506010904
202506010905
202506010906
202506010907
202506010908
202506010909
202506010910
202506010911
202506010912
202507010101
202507010102
202507010103
202507010104
202507010105
202507010106
202507010107
202507010108
202507010109
202507010110
202507010111
202507010112
202507010201
202507010202
202507010203
202507010204
202507010205
202507010206
202507010207
202507010208
202507010209
202507010210
202507010211
202507010212
202507010301
202507010302
202507010303
202507010304
202507010305
202507010306
202507010307
202507010308
202507010309
202507010310
202507010311
202507010312
202507010401
202507010402
202507010403
202507010404
202507010405
202507010406
202507010407
202507010408
202507010409
202507010410
202507010411
202507010412
202507010501
202507010502
202507010503
202507010504
202507010505
202507010506
202507010507
202507010508
202507010509
202507010510
202507010511
202507010512
202507010601
202507010602
202507010603
202507010604
202507010605
202507010606
202507010607
202507010608
202507010609
202507010610
202507010611
202507010612
202507010701
202507010702
202507010703
202507010704
202507010705
202507010706
202507010707
202507010708
202507010709
202507010710
202507010711
202507010712
202507010801
202507010802
202507010803
202507010804
202507010805
202507010806
202507010807
202507010808
202507010809
202507010810
202507010811
202507010812
202507010901
202507010902
202507010903
202507010904
202507010905
202507010906
202507010907
202507010908
202507010909
202507010910
202507010911
202507010912
202510010101
202510010102
202510010103
202510010104
202510010105
202510010106
202510010107
202510010108
202510010109
202510010110
202510010111
202510010112
202510010201
202510010202
202510010203
202510010204
202510010205
202510010206
202510010207
202510010208
202510010209
202510010210
202510010211
202510010212
202544011301
202544011302
202544011303
202544011304
202544011305
202544011306
202544011307
202544011308
202544011309
202544011310
202544011311
202544011312
202548010601
202548010602
202548010603
202548010604
202548010605
202548010606
202548010607
202548010608
202548010609
202548010610
202548010611
202554010501
202554010502
202554010503
202554010504
202554010505
202554010506
202554010507
202554010508
202554010509
202554010510
202554010601
202554010602
202554010603
202554010604
202554010605
202554010606
202554010607
202554010608
202554010609
202554011201
202554011202
202554011203
202554011204
202554011205
202554011206
202554011207
202554011208
202554011209
202554011210
202554011211
202554011301
202554011302
202554011303
202554011304
202554011305
202554011306
202554011307
202554011308
202554011309
202554011310
202554011311
202554011901
202554011902
202554011903
202554011904
202554011905
202554011906
202554011907
202554011908
202554011909
202554012601
202554012602
202554012603
202554012604
202554012605
202554012606
202554012607
202554012608
202554012609
202554012610
202554012611
202555010501
202555010502
202555010503
202555010504
202555010505
202555010506
202555010507
202555010508
202555010509
202555010510
202555010511
202555010512
202555010601
202555010602
202555010603
202555010604
202555010605
202555010606
202555010607
202555010608
202555010609
202555010610
202555010611
202555010612
202555011101
202555011102
202555011103
202555011104
202555011105
202555011106
202555011107
202555011108
202555011109
202555011110
202555011111
202555011201
202555011202
202555011203
202555011204
202555011205
202555011206
202555011207
202555011208
202555011209
202555011210
202555011211
202555011801
202555011802
202555011803
202555011804
202555011805
202555011806
202555011807
202555011808
202555011809
202555011810
202555011811
202555011812
202555011901
202555011902
202555011903
202555011904
202555011905
202555011906
202555011907
202555011908
202555011909
202555011910
202555011911
202555011912
202555012501
202555012502
202555012503
202555012504
202555012505
202555012506
202555012507
202555012508
202555012509
202555012510
202555012511
202555012512
202555012601
202555012602
202555012603
202555012604
202555012605
202555012606
202555012607
202555012608
202555012609
202555012610
202555012611
202565011201
202565011202
202565011203
202565011204
202565011205
202565011206
202565011207
202565011208
202565011209
202565011210
202565011211
202565011212
202565011301
202565011302
202565011303
202565011304
202565011305
202565011306
202565011307
202565011308
202565011309
202565011310
202565011311
202565011312
202565011801
202565011802
202565011803
202565011804
202565011805
202565011806
202565011807
202565011808
202565011809
202565011810
202565011811
202565011812
202565011901
202565011902
202565011903
202565011904
202565011905
202565011906
202565011907
202565011908
202565011909
202565011910
202565011911
202565011912
202565012501
202565012502
202565012503
202565012504
202565012505
202565012506
202565012507
202565012508
202565012509
202565012510
202565012511
202565012512
202565012601
202565012602
202565012603
202565012604
202565012605
202565012606
202565012607
202565012608
202565012609
202565012610
202565012611
202565012612