202502010101
202502010102
202502010103
202502010104
202502010105
202502010106
202502010107
202502010108
202502010109
202502010110
202502010111
202502010112
202502010201
202502010202
202502010203
202502010204
202502010205
202502010206
202502010207
202502010208
202502010209
202502010210
202502010211
202502010212
202502010301
202502010302
202502010303
202502010304
202502010305
202502010306
202502010307
202502010308
202502010309
202502010310
202502010311
202502010312
202502010401
202502010402
202502010403
202502010404
202502010405
202502010406
202502010407
202502010408
202502010409
202502010410
202502010411
202502010412
202502010501
202502010502
202502010503
202502010504
202502010505
202502010506
202502010507
202502010508
202502010509
202502010510
202502010511
202502010512
202502010601
202502010602
202502010603
202502010604
202502010605
202502010606
202502010607
202502010608
202502010609
202502010610
202502010611
202502010612
202503020101
202503020102
202503020103
202503020104
202503020105
202503020106
202503020107
202503020108
202503020109
202503020110
202503020111
202503020112
202503020201
202503020202
202503020203
202503020204
202503020205
202503020206
202503020207
202503020208
202503020209
202503020210
202503020211
202503020212
202505021201
202505021202
202505021203
202505021204
202505021205
202505021206
202505021207
202505021208
202505021209
202505021210
202505021211
202505021212
202505030101
202505030102
202505030103
202505030104
202505030105
202505030106
202505030107
202505030108
202505030109
202505030110
202505030111
202505030112
202505030201
202505030202
202505030203
202505030204
202505030205
202505030206
202505030207
202505030208
202505030209
202505030210
202505030211
202505030212
202505030301
202505030302
202505030303
202505030304
202505030305
202505030306
202505030307
202505030308
202505030309
202505030310
202505030311
202505030312
202505030401
202505030402
202505030403
202505030404
202505030405
202505030406
202505030407
202505030408
202505030409
202505030410
202505030411
202505030412
202505030501
202505030502
202505030503
202505030504
202505030505
202505030506
202505030507
202505030508
202505030509
202505030510
202505030511
202505030512
202505030601
202505030602
202505030603
202505030604
202505030605
202505030606
202505030607
202505030608
202505030609
202505030610
202505030611
202505030612
202508021201
202508021202
202508021203
202508021204
202508021205
202508021206
202508021207
202508021208
202508021209
202508021210
202508021211
202508021212
202509030101
202509030102
202509030103
202509030104
202509030105
202509030106
202509030107
202509030108
202509030109
202509030110
202509030111
202509030112
202509030201
202509030202
202509030203
202509030204
202509030205
202509030206
202509030207
202509030208
202509030209
202509030210
202509030211
202509030212
202509030301
202509030302
202509030303
202509030304
202509030305
202509030306
202509030307
202509030308
202509030309
202509030310
202509030311
202509030312
202509030401
202509030402
202509030403
202509030404
202509030405
202509030406
202509030407
202509030408
202509030409
202509030410
202509030411
202509030412
202509030501
202509030502
202509030503
202509030504
202509030505
202509030506
202509030507
202509030508
202509030509
202509030510
202509030511
202509030512
202509030601
202509030602
202509030603
202509030604
202509030605
202509030606
202509030607
202509030608
202509030609
202509030610
202509030611
202509030612
202510020101
202510020102
202510020103
202510020104
202510020105
202510020106
202510020107
202510020108
202510020109
202510020110
202510020111
202510020112
202510020201
202510020202
202510020203
202510020204
202510020205
202510020206
202510020207
202510020208
202510020209
202510020210
202510020211
202510020212
202535060101
202535060102
202535060103
202535060104
202535060105
202535060106
202535060107
202535060108
202535060109
202535060110
202535060111
202536060801
202536060802
202536060803
202536060804
202536060805
202536060806
202536060807
202536060808
202536060809
202536060810
202536060811
202536061501
202536061502
202536061503
202536061504
202536061505
202536061506
202536061507
202536061508
202536061509
202536061510
202536061511
202536062201
202536062202
202536062203
202536062204
202536062205
202536062206
202536062207
202536062208
202536062209
202536062210
202536062211
202536062901
202536062902
202536062903
202536062904
202536062905
202536062906
202536062907
202536062908
202536062909
202536062910
202536062911
202536062912
202546060801
202546060802
202546060803
202546060804
202546060805
202546060806
202546060807
202546060808
202546060809
202546060810
202546060811
202546061501
202546061502
202546061503
202546061504
202546061505
202546061506
202546061507
202546061508
202546061509
202546061510
202546061511
202546062901
202546062902
202546062903
202546062904
202546062905
202546062906
202546062907
202546062908
202546062909
202546062910
202546062911
202546062912
202554060101
202554060102
202554060103
202554060104
202554060105
202554060106
202554060107
202554060108
202554060109
202554060110
202554060111
202554060112
202554060701
202554060702
202554060703
202554060704
202554060705
202554060706
202554060707
202554060708
202554060709
202554060710
202554060801
202554060802
202554060803
202554060804
202554060805
202554060806
202554060807
202554060808
202554060809
202554060810
202554061401
202554061402
202554061403
202554061404
202554061405
202554061406
202554061407
202554061408
202554061409
202554061410
202554061411
202554061412
202554061501
202554061502
202554061503
202554061504
202554061505
202554061506
202554061507
202554061508
202554061509
202554061510
202554061511
202554061512
202554062101
202554062102
202554062103
202554062104
202554062105
202554062106
202554062107
202554062108
202554062109
202554062110
202554062201
202554062202
202554062203
202554062204
202554062205
202554062206
202554062207
202554062208
202554062209
202554062210
202554062211
202554062801
202554062802
202554062803
202554062804
202554062805
202554062806
202554062807
202554062808
202554062809
202554062810
202554062811
202554062812
202554062901
202554062902
202554062903
202554062904
202554062905
202554062906
202554062907
202554062908
202554062909
202554062910
202554062911
202555060101
202555060102
202555060103
202555060104
202555060105
202555060106
202555060107
202555060108
202555060109
202555060110
202555060701
202555060702
202555060703
202555060704
202555060705
202555060706
202555060707
202555060708
202555060709
202555060710
202555060711
202555060801
202555060802
202555060803
202555060804
202555060805
202555060806
202555060807
202555060808
202555060809
202555060810
202555060811
202555061401
202555061402
202555061403
202555061404
202555061405
202555061406
202555061407
202555061408
202555061409
202555061410
202555061411
202555061501
202555061502
202555061503
202555061504
202555061505
202555061506
202555061507
202555061508
202555061509
202555061510
202555061511
202555061512
202555062101
202555062102
202555062103
202555062104
202555062105
202555062106
202555062107
202555062108
202555062109
202555062201
202555062202
202555062203
202555062204
202555062205
202555062206
202555062207
202555062208
202555062209
202555062801
202555062802
202555062803
202555062804
202555062805
202555062806
202555062807
202555062808
202555062809
202555062901
202555062902
202555062903
202555062904
202555062905
202555062906
202555062907
202555062908
202555062909
202565060101
202565060102
202565060103
202565060104
202565060105
202565060106
202565060107
202565060108
202565060109
202565060110
202565060111
202565060112
202565060701
202565060702
202565060703
202565060704
202565060705
202565060706
202565060707
202565060708
202565060709
202565060710
202565060711
202565060712
202565060801
202565060802
202565060803
202565060804
202565060805
202565060806
202565060807
202565060808
202565060809
202565060810
202565060811
202565060812
202565061401
202565061402
202565061403
202565061404
202565061405
202565061406
202565061407
202565061408
202565061409
202565061410
202565061411
202565061412
202565061501
202565061502
202565061503
202565061504
202565061505
202565061506
202565061507
202565061508
202565061509
202565061510
202565061511
202565061512
202565062101
202565062102
202565062103
202565062104
202565062105
202565062106
202565062107
202565062108
202565062109
202565062110
202565062111
202565062112
202565062201
202565062202
202565062203
202565062204
202565062205
202565062206
202565062207
202565062208
202565062209
202565062210
202565062211
202565062212
202565062801
202565062802
202565062803
202565062804
202565062805
202565062806
202565062807
202565062808
202565062809
202565062810
202565062811
202565062812
202565062901
202565062902
202565062903
202565062904
202565062905
202565062906
202565062907
202565062908
202565062909
202565062910
202565062911
202565062912