202504010101
202504010102
202504010103
202504010104
202504010105
202504010106
202504010107
202504010108
202504010109
202504010110
202504010111
202504010112
202504010201
202504010202
202504010203
202504010204
202504010205
202504010206
202504010207
202504010208
202504010209
202504010210
202504010211
202504010212
202504010301
202504010302
202504010303
202504010304
202504010305
202504010306
202504010307
202504010308
202504010309
202504010310
202504010311
202504010312
202504010401
202504010402
202504010403
202504010404
202504010405
202504010406
202504010407
202504010408
202504010409
202504010410
202504010411
202504010412
202504010501
202504010502
202504010503
202504010504
202504010505
202504010506
202504010507
202504010508
202504010509
202504010510
202504010511
202504010512
202504010601
202504010602
202504010603
202504010604
202504010605
202504010606
202504010607
202504010608
202504010609
202504010610
202504010611
202504010612
202504010701
202504010702
202504010703
202504010704
202504010705
202504010706
202504010707
202504010708
202504010709
202504010710
202504010711
202504010712
202504010801
202504010802
202504010803
202504010804
202504010805
202504010806
202504010807
202504010808
202504010809
202504010810
202504010811
202504010812
202505020301
202505020302
202505020303
202505020304
202505020305
202505020306
202505020307
202505020308
202505020309
202505020310
202505020311
202505020312
202505020401
202505020402
202505020403
202505020404
202505020405
202505020406
202505020407
202505020408
202505020409
202505020410
202505020411
202505020412
202505020501
202505020502
202505020503
202505020504
202505020505
202505020506
202505020507
202505020508
202505020509
202505020510
202505020511
202505020512
202505020601
202505020602
202505020603
202505020604
202505020605
202505020606
202505020607
202505020608
202505020609
202505020610
202505020611
202505020612
202505020701
202505020702
202505020703
202505020704
202505020705
202505020706
202505020707
202505020708
202505020709
202505020710
202505020711
202505020712
202505020801
202505020802
202505020803
202505020804
202505020805
202505020806
202505020807
202505020808
202505020809
202505020810
202505020811
202505020812
202505020901
202505020902
202505020903
202505020904
202505020905
202505020906
202505020907
202505020908
202505020909
202505020910
202505020911
202505020912
202505021001
202505021002
202505021003
202505021004
202505021005
202505021006
202505021007
202505021008
202505021009
202505021010
202505021011
202505021012
202505021101
202505021102
202505021103
202505021104
202505021105
202505021106
202505021107
202505021108
202505021110
202505021111
202505021112
202508020301
202508020302
202508020303
202508020304
202508020305
202508020306
202508020307
202508020308
202508020309
202508020310
202508020311
202508020312
202508020401
202508020402
202508020403
202508020404
202508020405
202508020406
202508020407
202508020408
202508020409
202508020410
202508020411
202508020412
202508020501
202508020502
202508020503
202508020504
202508020505
202508020506
202508020507
202508020508
202508020509
202508020510
202508020511
202508020512
202508020601
202508020602
202508020603
202508020604
202508020605
202508020606
202508020607
202508020608
202508020609
202508020610
202508020611
202508020612
202508020701
202508020702
202508020703
202508020704
202508020705
202508020706
202508020707
202508020708
202508020709
202508020710
202508020711
202508020712
202508020801
202508020802
202508020803
202508020804
202508020805
202508020806
202508020807
202508020808
202508020809
202508020810
202508020811
202508020812
202508020901
202508020902
202508020903
202508020904
202508020905
202508020906
202508020907
202508020908
202508020909
202508020910
202508020911
202508020912
202508021001
202508021002
202508021003
202508021004
202508021005
202508021006
202508021007
202508021008
202508021009
202508021010
202508021011
202508021012
202508021101
202508021102
202508021103
202508021104
202508021105
202508021106
202508021107
202508021108
202508021109
202508021110
202508021111
202508021112
202535050301
202535050302
202535050303
202535050304
202535050305
202535050306
202535050307
202535050308
202535050309
202535050310
202535050311
202535050401
202535050402
202535050403
202535050404
202535050405
202535050406
202535050407
202535050408
202535050409
202535050410
202535050411
202535050412
202535051101
202535051102
202535051103
202535051104
202535051105
202535051106
202535051107
202535051108
202535051109
202535051110
202535051111
202535051801
202535051802
202535051803
202535051804
202535051805
202535051806
202535051807
202535051808
202535051809
202535051810
202535051811
202535052501
202535052502
202535052503
202535052504
202535052505
202535052506
202535052507
202535052508
202535052509
202535052510
202535052511
202546051101
202546051102
202546051103
202546051104
202546051105
202546051106
202546051107
202546051108
202546051109
202546051110
202546051111
202546051801
202546051802
202546051803
202546051804
202546051805
202546051806
202546051807
202546051808
202546051809
202546051810
202546051811
202554050301
202554050302
202554050303
202554050304
202554050305
202554050306
202554050307
202554050308
202554050309
202554050310
202554050311
202554050401
202554050402
202554050403
202554050404
202554050405
202554050406
202554050407
202554050408
202554050409
202554050410
202554050411
202554050412
202554051001
202554051002
202554051003
202554051004
202554051005
202554051006
202554051007
202554051008
202554051009
202554051010
202554051101
202554051102
202554051103
202554051104
202554051105
202554051106
202554051107
202554051108
202554051109
202554051110
202554051701
202554051702
202554051703
202554051704
202554051705
202554051706
202554051707
202554051708
202554051709
202554051710
202554051711
202554051712
202554051801
202554051802
202554051803
202554051804
202554051805
202554051806
202554051807
202554051808
202554051809
202554051810
202554051811
202554051812
202554052401
202554052402
202554052403
202554052404
202554052405
202554052406
202554052407
202554052408
202554052409
202554052410
202554052501
202554052502
202554052503
202554052504
202554052505
202554052506
202554052507
202554052508
202554052509
202554052510
202554053101
202554053102
202554053103
202554053104
202554053105
202554053106
202554053107
202554053108
202554053109
202554053110
202554053111
202555050301
202555050302
202555050303
202555050304
202555050305
202555050306
202555050307
202555050308
202555050309
202555050310
202555050311
202555050401
202555050402
202555050403
202555050404
202555050405
202555050406
202555050407
202555050408
202555050409
202555050410
202555050411
202555050412
202555051001
202555051002
202555051003
202555051004
202555051005
202555051006
202555051007
202555051008
202555051009
202555051010
202555051011
202555051101
202555051102
202555051103
202555051104
202555051105
202555051106
202555051107
202555051108
202555051109
202555051110
202555051701
202555051702
202555051703
202555051704
202555051705
202555051706
202555051707
202555051708
202555051709
202555051710
202555051711
202555051801
202555051802
202555051803
202555051804
202555051805
202555051806
202555051807
202555051808
202555051809
202555051810
202555052401
202555052402
202555052403
202555052404
202555052405
202555052406
202555052407
202555052408
202555052409
202555052410
202555052411
202555052501
202555052502
202555052503
202555052504
202555052505
202555052506
202555052507
202555052508
202555052509
202555052510
202555053101
202555053102
202555053103
202555053104
202555053105
202555053106
202555053107
202555053108
202555053109
202555053110
202555053111
202565051701
202565051702
202565051703
202565051704
202565051705
202565051706
202565051707
202565051708
202565051709
202565051710
202565051711
202565051712
202565051801
202565051802
202565051803
202565051804
202565051805
202565051806
202565051807
202565051808
202565051809
202565051810
202565051811
202565051812
202565052401
202565052402
202565052403
202565052404
202565052405
202565052406
202565052407
202565052408
202565052409
202565052410
202565052411
202565052412
202565052501
202565052502
202565052503
202565052504
202565052505
202565052506
202565052507
202565052508
202565052509
202565052510
202565052511
202565052512
202565053101
202565053102
202565053103
202565053104
202565053105
202565053106
202565053107
202565053108
202565053109
202565053110
202565053111
202565053112