202501010301
202501010302
202501010303
202501010304
202501010305
202501010306
202501010307
202501010308
202501010309
202501010310
202501010311
202501010312
202501010401
202501010402
202501010403
202501010404
202501010405
202501010406
202501010407
202501010408
202501010409
202501010410
202501010411
202501010412
202501010501
202501010502
202501010503
202501010504
202501010505
202501010506
202501010507
202501010508
202501010509
202501010510
202501010511
202501010512
202501010601
202501010602
202501010603
202501010604
202501010605
202501010606
202501010607
202501010608
202501010609
202501010610
202501010611
202501010612
202501010701
202501010702
202501010703
202501010704
202501010705
202501010706
202501010707
202501010708
202501010709
202501010710
202501010711
202501010712
202501010801
202501010802
202501010803
202501010804
202501010805
202501010806
202501010807
202501010808
202501010809
202501010810
202501010811
202501010812
202501020101
202501020102
202501020103
202501020104
202501020105
202501020106
202501020107
202501020108
202501020109
202501020110
202501020111
202501020112
202501020201
202501020202
202501020203
202501020204
202501020205
202501020206
202501020207
202501020208
202501020209
202501020210
202501020211
202501020212
202501020301
202501020302
202501020303
202501020304
202501020305
202501020306
202501020307
202501020308
202501020309
202501020310
202501020311
202501020312
202501020401
202501020402
202501020403
202501020404
202501020405
202501020406
202501020407
202501020408
202501020409
202501020410
202501020411
202501020412
202504020301
202504020302
202504020303
202504020304
202504020305
202504020306
202504020307
202504020308
202504020309
202504020310
202504020311
202504020312
202504020401
202504020402
202504020403
202504020404
202504020405
202504020406
202504020407
202504020408
202504020409
202504020410
202504020411
202504020412
202504020501
202504020502
202504020503
202504020504
202504020505
202504020506
202504020507
202504020508
202504020509
202504020510
202504020511
202504020512
202504020601
202504020602
202504020603
202504020604
202504020605
202504020606
202504020607
202504020608
202504020609
202504020610
202504020611
202504020612
202504020701
202504020702
202504020703
202504020704
202504020705
202504020706
202504020707
202504020708
202504020709
202504020710
202504020711
202504020712
202504020801
202504020802
202504020803
202504020804
202504020805
202504020806
202504020807
202504020808
202504020809
202504020810
202504020811
202504020812
202504030101
202504030102
202504030103
202504030104
202504030105
202504030106
202504030107
202504030108
202504030109
202504030110
202504030111
202504030112
202504030201
202504030202
202504030203
202504030204
202504030205
202504030206
202504030207
202504030208
202504030209
202504030210
202504030211
202504030212
202504030301
202504030302
202504030303
202504030304
202504030305
202504030306
202504030307
202504030308
202504030309
202504030310
202504030311
202504030312
202504030401
202504030402
202504030403
202504030404
202504030405
202504030406
202504030407
202504030408
202504030409
202504030410
202504030411
202504030412
202507030301
202507030302
202507030303
202507030304
202507030305
202507030306
202507030307
202507030308
202507030309
202507030310
202507030311
202507030312
202507030401
202507030402
202507030403
202507030404
202507030405
202507030406
202507030407
202507030408
202507030409
202507030410
202507030411
202507030412
202507030501
202507030502
202507030503
202507030504
202507030505
202507030506
202507030507
202507030508
202507030509
202507030510
202507030511
202507030512
202507030601
202507030602
202507030603
202507030604
202507030605
202507030606
202507030607
202507030608
202507030609
202507030610
202507030611
202507030612
202507030701
202507030702
202507030703
202507030704
202507030705
202507030706
202507030707
202507030708
202507030709
202507030710
202507030711
202507030712
202507030801
202507030802
202507030803
202507030804
202507030805
202507030806
202507030807
202507030808
202507030809
202507030810
202507030811
202507030812
202507040101
202507040102
202507040103
202507040104
202507040105
202507040106
202507040107
202507040108
202507040109
202507040110
202507040111
202507040112
202507040201
202507040202
202507040203
202507040204
202507040205
202507040206
202507040207
202507040208
202507040209
202507040210
202507040211
202507040212
202507040301
202507040302
202507040303
202507040304
202507040305
202507040306
202507040307
202507040308
202507040309
202507040310
202507040311
202507040312
202507040401
202507040402
202507040403
202507040404
202507040405
202507040406
202507040407
202507040408
202507040409
202507040410
202507040411
202507040412
202535080301
202535080302
202535080303
202535080304
202535080305
202535080306
202535080307
202535080308
202535080309
202535080310
202535080311
202535080312
202535081001
202535081002
202535081003
202535081004
202535081005
202535081006
202535081007
202535081008
202535081009
202535081010
202535081011
202535081701
202535081702
202535081703
202535081704
202535081705
202535081706
202535081707
202535081708
202535081709
202535081710
202535081711
202535081712
202535082401
202535082402
202535082403
202535082404
202535082405
202535082406
202535082407
202535082408
202535082409
202535082410
202535082411
202535083101
202535083102
202535083103
202535083104
202535083105
202535083106
202535083107
202535083108
202535083109
202535083110
202535083111
202543083001
202543083002
202543083003
202543083004
202543083005
202543083006
202543083007
202543083008
202543083009
202543083010
202543083011
202543083012
202543083101
202543083102
202543083103
202543083104
202543083105
202543083106
202543083107
202543083108
202543083109
202543083110
202543083111
202543083112
202544081001
202544081002
202544081003
202544081004
202544081005
202544081006
202544081007
202544081008
202554080201
202554080202
202554080203
202554080204
202554080205
202554080206
202554080207
202554080208
202554080209
202554080210
202554080211
202554080212
202554080301
202554080302
202554080303
202554080304
202554080305
202554080306
202554080307
202554080308
202554080309
202554080310
202554080311
202554080312
202555080901
202555080902
202555080903
202555080904
202555080905
202555080906
202555080907
202555080908
202555080909
202555080910
202555080911
202555081601
202555081602
202555081603
202555081604
202555081605
202555081606
202555081607
202555081608
202555081609
202555081610
202555081611
202555081701
202555081702
202555081703
202555081704
202555081705
202555081706
202555081707
202555081708
202555081709
202555081710
202555081711
202555082301
202555082302
202555082303
202555082304
202555082305
202555082306
202555082307
202555082308
202555082309
202555082310
202555082311
202555082401
202555082402
202555082403
202555082404
202555082405
202555082406
202555082407
202555082408
202555082409
202555082410
202555082411
202555083001
202555083002
202555083003
202555083004
202555083005
202555083006
202555083007
202555083008
202555083009
202555083010
202555083011
202555083101
202555083102
202555083103
202555083104
202555083105
202555083106
202555083107
202555083108
202555083109
202555083110
202555083111
202565080201
202565080202
202565080203
202565080204
202565080205
202565080206
202565080207
202565080208
202565080209
202565080210
202565080211
202565080212
202565080301
202565080302
202565080303
202565080304
202565080305
202565080306
202565080307
202565080308
202565080309
202565080310
202565080311
202565080312
202565080901
202565080902
202565080903
202565080904
202565080905
202565080906
202565080907
202565080908
202565080909
202565080910
202565080911
202565080912
202565081001
202565081002
202565081003
202565081004
202565081005
202565081006
202565081007
202565081008
202565081009
202565081010
202565081011
202565081012
202565081601
202565081602
202565081603
202565081604
202565081605
202565081606
202565081607
202565081608
202565081609
202565081610
202565081611
202565081612
202565081701
202565081702
202565081703
202565081704
202565081705
202565081706
202565081707
202565081708
202565081709
202565081710
202565081711
202565081712
202565082301
202565082302
202565082303
202565082304
202565082305
202565082306
202565082307
202565082308
202565082309
202565082310
202565082311
202565082312
202565082401
202565082402
202565082403
202565082404
202565082405
202565082406
202565082407
202565082408
202565082409
202565082410
202565082411
202565082412
202565083001
202565083002
202565083003
202565083004
202565083005
202565083006
202565083007
202565083008
202565083009
202565083010
202565083011
202565083012
202565083101
202565083102
202565083103
202565083104
202565083105
202565083106
202565083107
202565083108
202565083109
202565083110
202565083111
202565083112