202506020101
202506020102
202506020103
202506020104
202506020105
202506020106
202506020107
202506020108
202506020109
202506020110
202506020111
202506020112
202506020201
202506020202
202506020203
202506020204
202506020205
202506020206
202506020207
202506020208
202506020209
202506020210
202506020211
202506020212
202506020301
202506020302
202506020303
202506020304
202506020305
202506020306
202506020307
202506020308
202506020309
202506020310
202506020311
202506020312
202506020401
202506020402
202506020403
202506020404
202506020405
202506020406
202506020407
202506020408
202506020409
202506020410
202506020411
202506020412
202506020501
202506020502
202506020503
202506020504
202506020505
202506020506
202506020507
202506020508
202506020509
202506020510
202506020511
202506020512
202506020601
202506020602
202506020603
202506020604
202506020605
202506020606
202506020607
202506020608
202506020609
202506020610
202506020611
202506020612
202506020701
202506020702
202506020703
202506020704
202506020705
202506020706
202506020707
202506020708
202506020709
202506020710
202506020711
202506020712
202506020801
202506020802
202506020803
202506020804
202506020805
202506020806
202506020807
202506020808
202506020809
202506020810
202506020811
202506020812
202506030101
202506030102
202506030103
202506030104
202506030105
202506030106
202506030107
202506030108
202506030109
202506030110
202506030111
202506030112
202506030201
202506030202
202506030203
202506030204
202506030205
202506030206
202506030207
202506030208
202506030209
202506030210
202506030211
202506030212
202507020101
202507020102
202507020103
202507020104
202507020105
202507020106
202507020107
202507020108
202507020109
202507020110
202507020111
202507020112
202507020201
202507020202
202507020203
202507020204
202507020205
202507020206
202507020207
202507020208
202507020209
202507020210
202507020211
202507020212
202507020301
202507020302
202507020303
202507020304
202507020305
202507020306
202507020307
202507020308
202507020309
202507020310
202507020311
202507020312
202507020401
202507020402
202507020403
202507020404
202507020405
202507020406
202507020407
202507020408
202507020409
202507020410
202507020411
202507020412
202507020501
202507020502
202507020503
202507020504
202507020505
202507020506
202507020507
202507020508
202507020509
202507020510
202507020511
202507020512
202507020601
202507020602
202507020603
202507020604
202507020605
202507020606
202507020607
202507020608
202507020609
202507020610
202507020611
202507020612
202509010101
202509010102
202509010103
202509010104
202509010105
202509010106
202509010107
202509010108
202509010109
202509010110
202509010111
202509010112
202509010201
202509010202
202509010203
202509010204
202509010205
202509010206
202509010207
202509010208
202509010209
202509010210
202509010211
202509010212
202509010301
202509010302
202509010303
202509010304
202509010305
202509010306
202509010307
202509010308
202509010309
202509010310
202509010311
202509010312
202509010401
202509010402
202509010403
202509010404
202509010405
202509010406
202509010407
202509010408
202509010409
202509010410
202509010411
202509010412
202509010501
202509010502
202509010503
202509010504
202509010505
202509010506
202509010507
202509010508
202509010509
202509010510
202509010511
202509010512
202509010601
202509010602
202509010603
202509010604
202509010605
202509010606
202509010607
202509010608
202509010609
202509010610
202509010611
202509010612
202509010701
202509010702
202509010703
202509010704
202509010705
202509010706
202509010707
202509010708
202509010709
202509010710
202509010711
202509010712
202509010801
202509010802
202509010803
202509010804
202509010805
202509010806
202509010807
202509010808
202509010809
202509010810
202509010811
202509010812
202509020101
202509020102
202509020103
202509020104
202509020105
202509020106
202509020107
202509020108
202509020109
202509020110
202509020111
202509020112
202509020201
202509020202
202509020203
202509020204
202509020205
202509020206
202509020207
202509020208
202509020209
202509020210
202509020211
202509020212
202510011101
202510011102
202510011103
202510011104
202510011105
202510011106
202510011107
202510011108
202510011109
202510011110
202510011111
202510011112
202510011201
202510011202
202510011203
202510011204
202510011205
202510011206
202510011207
202510011208
202510011209
202510011210
202510011211
202510011212
202536030901
202536030902
202536030903
202536030904
202536030905
202536030906
202536030907
202536030908
202536030909
202536030910
202536030911
202536031601
202536031602
202536031603
202536031604
202536031605
202536031606
202536031607
202536031608
202536031609
202536031610
202536031611
202536032301
202536032302
202536032303
202536032304
202536032305
202536032306
202536032307
202536032308
202536032309
202536032310
202536032311
202536032901
202536032902
202536032903
202536032904
202536032905
202536032906
202536032907
202536032908
202536032909
202536032910
202536032911
202536033001
202536033002
202536033003
202536033004
202536033005
202536033006
202536033007
202536033008
202536033009
202536033010
202536033011
202536033012
202546031601
202546031602
202546031603
202546031604
202546031605
202546031606
202546031607
202546031608
202546031609
202546031610
202546031611
202546031612
202546032901
202546032902
202546032903
202546032904
202546032905
202546032906
202546032907
202546032908
202546032909
202546032910
202546032911
202546032912
202546033001
202546033002
202546033003
202546033004
202546033005
202546033006
202546033007
202546033008
202546033009
202546033010
202546033011
202554030201
202554030202
202554030203
202554030204
202554030205
202554030206
202554030207
202554030208
202554030209
202554030901
202554030902
202554030903
202554030904
202554030905
202554030906
202554030907
202554030908
202554030909
202554030910
202554031601
202554031602
202554031603
202554031604
202554031605
202554031606
202554031607
202554031608
202554032301
202554032302
202554032303
202554032304
202554032305
202554032306
202554032307
202554032308
202554032309
202554032310
202554032311
202554032312
202555030101
202555030102
202555030103
202555030104
202555030105
202555030106
202555030107
202555030108
202555030109
202555030110
202555030111
202555030201
202555030202
202555030203
202555030204
202555030205
202555030206
202555030207
202555030208
202555030209
202555030210
202555030211
202555030801
202555030802
202555030803
202555030804
202555030805
202555030806
202555030807
202555030808
202555030809
202555030810
202555030811
202555030901
202555030902
202555030903
202555030904
202555030905
202555030906
202555030907
202555030908
202555030909
202555030910
202555030911
202555031501
202555031502
202555031503
202555031504
202555031505
202555031506
202555031507
202555031508
202555031509
202555031510
202555031511
202555032201
202555032202
202555032203
202555032204
202555032205
202555032206
202555032207
202555032208
202555032209
202555032210
202555032211
202555032212
202555032301
202555032302
202555032303
202555032304
202555032305
202555032306
202555032307
202555032308
202555032309
202555032310
202555032311
202555032901
202555032902
202555032903
202555032904
202555032905
202555032906
202555032907
202555032908
202555032909
202555032910
202555032911
202555033001
202555033002
202555033003
202555033004
202555033005
202555033006
202555033007
202555033008
202555033009
202555033010
202555033011
202565030101
202565030102
202565030103
202565030104
202565030105
202565030106
202565030107
202565030108
202565030109
202565030110
202565030111
202565030112
202565030201
202565030202
202565030203
202565030204
202565030205
202565030206
202565030207
202565030208
202565030209
202565030210
202565030211
202565030212
202565030801
202565030802
202565030803
202565030804
202565030805
202565030806
202565030807
202565030808
202565030809
202565030810
202565030811
202565030812
202565030901
202565030902
202565030903
202565030904
202565030905
202565030906
202565030907
202565030908
202565030909
202565030910
202565030911
202565030912
202565031501
202565031502
202565031503
202565031504
202565031505
202565031506
202565031507
202565031508
202565031509
202565031510
202565031511
202565031512
202565031601
202565031602
202565031603
202565031604
202565031605
202565031606
202565031607
202565031608
202565031609
202565031610
202565031611
202565031612