202503030101
202503030102
202503030103
202503030104
202503030105
202503030106
202503030107
202503030108
202503030109
202503030110
202503030111
202503030112
202503030201
202503030202
202503030203
202503030204
202503030205
202503030206
202503030207
202503030208
202503030209
202503030210
202503030211
202503030212
202503030301
202503030302
202503030303
202503030304
202503030305
202503030306
202503030307
202503030308
202503030309
202503030310
202503030311
202503030312
202503030401
202503030402
202503030403
202503030404
202503030405
202503030406
202503030407
202503030408
202503030409
202503030410
202503030411
202503030412
202503030501
202503030502
202503030503
202503030504
202503030505
202503030506
202503030507
202503030508
202503030509
202503030510
202503030511
202503030512
202503030601
202503030602
202503030603
202503030604
202503030605
202503030606
202503030607
202503030608
202503030609
202503030610
202503030611
202503030612
202505041001
202505041002
202505041003
202505041004
202505041005
202505041006
202505041007
202505041008
202505041009
202505041010
202505041011
202505041012
202505041101
202505041102
202505041103
202505041104
202505041105
202505041106
202505041107
202505041108
202505041109
202505041110
202505041111
202505041112
202505050101
202505050102
202505050103
202505050104
202505050105
202505050106
202505050107
202505050108
202505050109
202505050110
202505050111
202505050112
202505050201
202505050202
202505050203
202505050204
202505050205
202505050206
202505050207
202505050208
202505050209
202505050210
202505050211
202505050212
202505050301
202505050302
202505050303
202505050304
202505050305
202505050306
202505050307
202505050308
202505050309
202505050310
202505050311
202505050312
202505050401
202505050402
202505050403
202505050404
202505050405
202505050406
202505050407
202505050408
202505050409
202505050410
202505050411
202505050412
202505050501
202505050502
202505050503
202505050504
202505050505
202505050506
202505050507
202505050508
202505050509
202505050510
202505050511
202505050512
202505050601
202505050602
202505050603
202505050604
202505050605
202505050606
202505050607
202505050608
202505050609
202505050610
202505050611
202505050612
202505050701
202505050702
202505050703
202505050704
202505050705
202505050706
202505050707
202505050708
202505050709
202505050710
202505050711
202505050712
202505050801
202505050802
202505050803
202505050804
202505050805
202505050806
202505050807
202505050808
202505050809
202505050810
202505050811
202505050812
202508031001
202508031002
202508031003
202508031004
202508031005
202508031006
202508031007
202508031008
202508031009
202508031010
202508031011
202508031012
202508031101
202508031102
202508031103
202508031104
202508031105
202508031106
202508031107
202508031108
202508031109
202508031110
202508031111
202508031112
202508040101
202508040102
202508040103
202508040104
202508040105
202508040106
202508040107
202508040108
202508040109
202508040110
202508040111
202508040112
202508040201
202508040202
202508040203
202508040204
202508040205
202508040206
202508040207
202508040208
202508040209
202508040210
202508040211
202508040212
202508040301
202508040302
202508040303
202508040304
202508040305
202508040306
202508040307
202508040308
202508040309
202508040310
202508040311
202508040312
202508040401
202508040402
202508040403
202508040404
202508040405
202508040406
202508040407
202508040408
202508040409
202508040410
202508040411
202508040412
202508040501
202508040502
202508040503
202508040504
202508040505
202508040506
202508040507
202508040508
202508040509
202508040510
202508040511
202508040512
202508040601
202508040602
202508040603
202508040604
202508040605
202508040606
202508040607
202508040608
202508040609
202508040610
202508040611
202508040612
202508040701
202508040702
202508040703
202508040704
202508040705
202508040706
202508040707
202508040708
202508040709
202508040710
202508040711
202508040712
202508040801
202508040802
202508040803
202508040804
202508040805
202508040806
202508040807
202508040808
202508040809
202508040810
202508040811
202508040812
202535110101
202535110102
202535110103
202535110104
202535110105
202535110106
202535110107
202535110108
202535110109
202535110110
202535110111
202535110112
202535110201
202535110202
202535110203
202535110204
202535110205
202535110206
202535110207
202535110208
202535110209
202535110210
202535110211
202535110212
202535111601
202535111602
202535111603
202535111604
202535111605
202535111606
202535111607
202535111608
202535111609
202535111610
202535111611
202535111612
202536112401
202536112402
202536112403
202536112404
202536112405
202536112406
202536112407
202536112408
202536112409
202536112410
202536112411
202536112412
202536113001
202536113002
202536113003
202536113004
202536113005
202536113006
202536113007
202536113008
202536113009
202536113010
202536113011
202536113012
202546110901
202546110902
202546110903
202546110904
202546110905
202546110906
202546110907
202546110908
202546110909
202546110910
202546110911
202546111601
202546111602
202546111603
202546111604
202546111605
202546111606
202546111607
202546111608
202546111609
202546111610
202546112301
202546112302
202546112303
202546112304
202546112305
202546112306
202546112307
202546112308
202546112309
202546112310
202546112311
202546112401
202546112402
202546112403
202546112404
202546112405
202546112406
202546112407
202546112408
202546112409
202546112410
202554110101
202554110102
202554110103
202554110104
202554110105
202554110106
202554110107
202554110108
202554110109
202554110110
202554110111
202554110112
202554110201
202554110202
202554110203
202554110204
202554110205
202554110206
202554110207
202554110208
202554110209
202554110210
202554110211
202554110212
202554110801
202554110802
202554110803
202554110804
202554110805
202554110806
202554110807
202554110808
202554110809
202554110810
202554110811
202554110901
202554110902
202554110903
202554110904
202554110905
202554110906
202554110907
202554110908
202554110909
202554110910
202554110911
202554111501
202554111502
202554111503
202554111504
202554111505
202554111506
202554111507
202554111508
202554111509
202554111510
202554111511
202554111512
202554111601
202554111602
202554111603
202554111604
202554111605
202554111606
202554111607
202554111608
202554111609
202554111610
202554111611
202554111612
202554112301
202554112302
202554112303
202554112304
202554112305
202554112306
202554112307
202554112308
202554112309
202554112310
202554112311
202554112401
202554112402
202554112403
202554112404
202554112405
202554112406
202554112407
202554112408
202554112409
202554112410
202554112411
202554112412
202554112901
202554112902
202554112903
202554112904
202554112905
202554112906
202554112907
202554112908
202554112909
202554112910
202554112911
202554112912
202554113001
202554113002
202554113003
202554113004
202554113005
202554113006
202554113007
202554113008
202554113009
202554113010
202554113011
202554113012
202555110101
202555110102
202555110103
202555110104
202555110105
202555110106
202555110107
202555110108
202555110109
202555110110
202555110111
202555110201
202555110202
202555110203
202555110204
202555110205
202555110206
202555110207
202555110208
202555110209
202555110210
202555110211
202555110801
202555110802
202555110803
202555110804
202555110805
202555110806
202555110807
202555110808
202555110809
202555110810
202555110811
202555110901
202555110902
202555110903
202555110904
202555110905
202555110906
202555110907
202555110908
202555110909
202555110910
202555111501
202555111502
202555111503
202555111504
202555111505
202555111506
202555111507
202555111508
202555111509
202555111510
202555111511
202555111601
202555111602
202555111603
202555111604
202555111605
202555111606
202555111607
202555111608
202555111609
202555111610
202555111611
202555112201
202555112202
202555112203
202555112204
202555112205
202555112206
202555112207
202555112208
202555112209
202555112301
202555112302
202555112303
202555112304
202555112305
202555112306
202555112307
202555112308
202555112309
202555112401
202555112402
202555112403
202555112404
202555112405
202555112406
202555112407
202555112408
202555112409
202555113001
202555113002
202555113003
202555113004
202555113005
202555113006
202555113007
202555113008
202555113009
202555113010
202565110101
202565110102
202565110103
202565110104
202565110105
202565110106
202565110107
202565110108
202565110109
202565110110
202565110111
202565110112
202565110201
202565110202
202565110203
202565110204
202565110205
202565110206
202565110207
202565110208
202565110209
202565110210
202565110211
202565110212
202565110801
202565110802
202565110803
202565110804
202565110805
202565110806
202565110807
202565110808
202565110809
202565110810
202565110811
202565110812
202565110901
202565110902
202565110903
202565110904
202565110905
202565110906
202565110907
202565110908
202565110909
202565110910
202565110911
202565110912
202565111501
202565111502
202565111503
202565111504
202565111505
202565111506
202565111507
202565111508
202565111509
202565111510
202565111511
202565111512
202565111601
202565111602
202565111603
202565111604
202565111605
202565111606
202565111607
202565111608
202565111609
202565111610
202565111611
202565111612
202565112201
202565112202
202565112203
202565112204
202565112205
202565112206
202565112207
202565112208
202565112209
202565112210
202565112211
202565112212
202565112301
202565112302
202565112303
202565112304
202565112305
202565112306
202565112307
202565112308
202565112309
202565112310
202565112311
202565112312
202565112401
202565112402
202565112403
202565112404
202565112405
202565112406
202565112407
202565112408
202565112409
202565112410
202565112411
202565112412
202565112901
202565112902
202565112903
202565112904
202565112905
202565112906
202565112907
202565112908
202565112909
202565112910
202565112911
202565112912
202565113001
202565113002
202565113003
202565113004
202565113005
202565113006
202565113007
202565113008
202565113009
202565113010
202565113011
202565113012