202501010101
202501010102
202501010103
202501010104
202501010105
202501010106
202501010107
202501010108
202501010109
202501010110
202501010111
202501010112
202501010201
202501010202
202501010203
202501010204
202501010205
202501010206
202501010207
202501010208
202501010209
202501010210
202501010211
202501010212
202502010701
202502010702
202502010703
202502010704
202502010705
202502010706
202502010707
202502010708
202502010709
202502010710
202502010711
202502010712
202502010801
202502010802
202502010803
202502010804
202502010805
202502010806
202502010807
202502010808
202502010809
202502010810
202502010811
202502010812
202502010901
202502010902
202502010903
202502010904
202502010905
202502010906
202502010907
202502010908
202502010909
202502010910
202502010911
202502010912
202502011001
202502011002
202502011003
202502011004
202502011005
202502011006
202502011007
202502011008
202502011009
202502011010
202502011011
202502011012
202502011101
202502011102
202502011103
202502011104
202502011105
202502011106
202502011107
202502011108
202502011109
202502011110
202502011111
202502011112
202502011201
202502011202
202502011203
202502011204
202502011205
202502011206
202502011207
202502011208
202502011209
202502011210
202502011211
202502011212
202503020301
202503020302
202503020303
202503020304
202503020305
202503020306
202503020307
202503020308
202503020309
202503020310
202503020311
202503020312
202503020401
202503020402
202503020403
202503020404
202503020405
202503020406
202503020407
202503020408
202503020409
202503020410
202503020411
202503020412
202503020501
202503020502
202503020503
202503020504
202503020505
202503020506
202503020507
202503020508
202503020509
202503020510
202503020511
202503020512
202503020601
202503020602
202503020603
202503020604
202503020605
202503020606
202503020607
202503020608
202503020609
202503020610
202503020611
202503020612
202503020701
202503020702
202503020703
202503020704
202503020705
202503020706
202503020707
202503020708
202503020709
202503020710
202503020711
202503020712
202503020801
202503020802
202503020803
202503020804
202503020805
202503020806
202503020807
202503020808
202503020809
202503020810
202503020811
202503020812
202504020101
202504020102
202504020103
202504020104
202504020105
202504020106
202504020107
202504020108
202504020109
202504020110
202504020111
202504020112
202504020201
202504020202
202504020203
202504020204
202504020205
202504020206
202504020207
202504020208
202504020209
202504020210
202504020211
202504020212
202507030101
202507030102
202507030103
202507030104
202507030105
202507030106
202507030107
202507030108
202507030109
202507030110
202507030111
202507030112
202507030201
202507030202
202507030203
202507030204
202507030205
202507030206
202507030207
202507030208
202507030209
202507030210
202507030211
202507030212
202510020301
202510020302
202510020303
202510020304
202510020305
202510020306
202510020307
202510020308
202510020309
202510020310
202510020311
202510020312
202510020401
202510020402
202510020403
202510020404
202510020405
202510020406
202510020407
202510020408
202510020409
202510020410
202510020411
202510020412
202510020501
202510020502
202510020503
202510020504
202510020505
202510020506
202510020507
202510020508
202510020509
202510020510
202510020511
202510020512
202510020601
202510020602
202510020603
202510020604
202510020605
202510020606
202510020607
202510020608
202510020609
202510020610
202510020611
202510020612
202510020701
202510020702
202510020703
202510020704
202510020705
202510020706
202510020707
202510020708
202510020709
202510020710
202510020711
202510020712
202510020801
202510020802
202510020803
202510020804
202510020805
202510020806
202510020807
202510020808
202510020809
202510020810
202510020811
202510020812
202535070601
202535070602
202535070603
202535070604
202535070605
202535070606
202535070607
202535070608
202535070609
202535070610
202535070611
202535070612
202535071301
202535071302
202535071303
202535071304
202535071305
202535071306
202535071307
202535071308
202535071309
202535071310
202535071311
202535072001
202535072002
202535072003
202535072004
202535072005
202535072006
202535072007
202535072008
202535072009
202535072010
202535072011
202535072701
202535072702
202535072703
202535072704
202535072705
202535072706
202535072707
202535072708
202535072709
202535072710
202535072711
202543070501
202543070502
202543070503
202543070504
202543070505
202543070506
202543070507
202543070508
202543070509
202543070510
202543070511
202543070512
202543070601
202543070602
202543070603
202543070604
202543070605
202543070606
202543070607
202543070608
202543070609
202543070610
202543070611
202543070612
202546071301
202546071302
202546071303
202546071304
202546071305
202546071306
202546071307
202546071308
202546071309
202546071310
202546071311
202546071312
202546072001
202546072002
202546072003
202546072004
202546072005
202546072006
202546072007
202546072008
202546072009
202546072010
202546072011
202546072012
202546072701
202546072702
202546072703
202546072704
202546072705
202546072706
202546072707
202546072708
202546072709
202546072710
202546072711
202546072712
202554070501
202554070502
202554070503
202554070504
202554070505
202554070506
202554070507
202554070508
202554070509
202554070510
202554070511
202554070601
202554070602
202554070603
202554070604
202554070605
202554070606
202554070607
202554070608
202554070609
202554070610
202554070611
202554071201
202554071202
202554071203
202554071204
202554071205
202554071206
202554071207
202554071208
202554071209
202554071210
202554071211
202554071212
202554071301
202554071302
202554071303
202554071304
202554071305
202554071306
202554071307
202554071308
202554071309
202554071310
202554071311
202554071312
202554071901
202554071902
202554071903
202554071904
202554071905
202554071906
202554071907
202554071908
202554071909
202554071910
202554072001
202554072002
202554072003
202554072004
202554072005
202554072006
202554072007
202554072008
202554072009
202554072010
202554072601
202554072602
202554072603
202554072604
202554072605
202554072606
202554072607
202554072608
202554072609
202554072610
202554072611
202554072612
202554072701
202554072702
202554072703
202554072704
202554072705
202554072706
202554072707
202554072708
202554072709
202554072710
202554072711
202554072712
202555070501
202555070502
202555070503
202555070504
202555070505
202555070506
202555070507
202555070508
202555071201
202555071202
202555071203
202555071204
202555071205
202555071206
202555071207
202555071208
202555071209
202555071210
202555071211
202555071301
202555071302
202555071303
202555071304
202555071305
202555071306
202555071307
202555071308
202555071309
202555071310
202555071901
202555071902
202555071903
202555071904
202555071905
202555071906
202555071907
202555071908
202555071909
202555071910
202555071911
202565070501
202565070502
202565070503
202565070504
202565070505
202565070506
202565070507
202565070508
202565070509
202565070510
202565070511
202565070512
202565070601
202565070602
202565070603
202565070604
202565070605
202565070606
202565070607
202565070608
202565070609
202565070610
202565070611
202565070612
202565071201
202565071202
202565071203
202565071204
202565071205
202565071206
202565071207
202565071208
202565071209
202565071210
202565071211
202565071212
202565071301
202565071302
202565071303
202565071304
202565071305
202565071306
202565071307
202565071308
202565071309
202565071310
202565071311
202565071312
202565071901
202565071902
202565071903
202565071904
202565071905
202565071906
202565071907
202565071908
202565071909
202565071910
202565071911
202565071912
202565072001
202565072002
202565072003
202565072004
202565072005
202565072006
202565072007
202565072008
202565072009
202565072010
202565072011
202565072012
202565072601
202565072602
202565072603
202565072604
202565072605
202565072606
202565072607
202565072608
202565072609
202565072610
202565072611
202565072612
202565072701
202565072702
202565072703
202565072704
202565072705
202565072706
202565072707
202565072708
202565072709
202565072710
202565072711
202565072712