202501020501
202501020502
202501020503
202501020504
202501020505
202501020506
202501020507
202501020508
202501020509
202501020510
202501020511
202501020512
202501020601
202501020602
202501020603
202501020604
202501020605
202501020606
202501020607
202501020608
202501020609
202501020610
202501020611
202501020612
202506040101
202506040102
202506040103
202506040104
202506040105
202506040106
202506040107
202506040108
202506040109
202506040110
202506040111
202506040112
202506040201
202506040202
202506040203
202506040204
202506040205
202506040206
202506040207
202506040208
202506040209
202506040210
202506040211
202506040212
202506040301
202506040302
202506040303
202506040304
202506040305
202506040306
202506040307
202506040308
202506040309
202506040310
202506040311
202506040312
202506040401
202506040402
202506040403
202506040404
202506040405
202506040406
202506040407
202506040408
202506040409
202506040410
202506040411
202506040412
202506040501
202506040502
202506040503
202506040504
202506040505
202506040506
202506040507
202506040508
202506040509
202506040510
202506040511
202506040512
202506040601
202506040602
202506040603
202506040604
202506040605
202506040606
202506040607
202506040608
202506040609
202506040610
202506040611
202506040612
202506040701
202506040702
202506040703
202506040704
202506040705
202506040706
202506040707
202506040708
202506040709
202506040710
202506040711
202506040712
202506040801
202506040802
202506040803
202506040804
202506040805
202506040806
202506040807
202506040808
202506040809
202506040810
202506040811
202506040812
202506040901
202506040902
202506040903
202506040904
202506040905
202506040906
202506040907
202506040908
202506040909
202506040910
202506040911
202506040912
202509040101
202509040102
202509040103
202509040104
202509040105
202509040106
202509040107
202509040108
202509040109
202509040110
202509040111
202509040112
202509040201
202509040202
202509040203
202509040204
202509040205
202509040206
202509040207
202509040208
202509040209
202509040210
202509040211
202509040212
202509040301
202509040302
202509040303
202509040304
202509040305
202509040306
202509040307
202509040308
202509040309
202509040310
202509040311
202509040312
202509040401
202509040402
202509040403
202509040404
202509040405
202509040406
202509040407
202509040408
202509040409
202509040410
202509040411
202509040412
202509040501
202509040502
202509040503
202509040504
202509040505
202509040506
202509040507
202509040508
202509040509
202509040510
202509040511
202509040512
202509040601
202509040602
202509040603
202509040604
202509040605
202509040606
202509040607
202509040608
202509040609
202509040610
202509040611
202509040612
202509040701
202509040702
202509040703
202509040704
202509040705
202509040706
202509040707
202509040708
202509040709
202509040710
202509040711
202509040712
202509040801
202509040802
202509040803
202509040804
202509040805
202509040806
202509040807
202509040808
202509040809
202509040810
202509040811
202509040812
202509040901
202509040902
202509040903
202509040904
202509040905
202509040906
202509040907
202509040908
202509040909
202509040910
202509040911
202509040912
202535090701
202535090702
202535090703
202535090704
202535090705
202535090706
202535090707
202535090708
202535090709
202535090710
202535090711
202536091401
202536091402
202536091403
202536091404
202536091405
202536091406
202536091407
202536091408
202536091409
202536091410
202536091411
202536091501
202536091502
202536091503
202536091504
202536091505
202536091506
202536091507
202536091508
202536091509
202536091510
202536091511
202536091512
202536092101
202536092102
202536092103
202536092104
202536092105
202536092106
202536092107
202536092108
202536092109
202536092110
202536092111
202536092801
202536092802
202536092803
202536092804
202536092805
202536092806
202536092807
202536092808
202536092809
202536092810
202536092811
202536092812
202544091501
202544091502
202544091503
202544091504
202544091505
202544091506
202544091507
202544091508
202544091509
202544091510
202544091511
202544091512
202546090701
202546090702
202546090703
202546090704
202546090705
202546090706
202546090707
202546090708
202546090709
202546090710
202546090711
202546090712
202546091301
202546091302
202546091303
202546091304
202546091305
202546091306
202546091307
202546091308
202546091309
202546091310
202546091311
202546091312
202546091401
202546091402
202546091403
202546091404
202546091405
202546091406
202546091407
202546091408
202546091409
202546091410
202546091411
202546091412
202546092001
202546092002
202546092003
202546092004
202546092005
202546092006
202546092007
202546092008
202546092009
202546092010
202546092011
202546092012
202554090601
202554090602
202554090603
202554090604
202554090605
202554090606
202554090607
202554090608
202554090609
202554090610
202554090611
202554090612
202554090701
202554090702
202554090703
202554090704
202554090705
202554090706
202554090707
202554090708
202554090709
202554090710
202554090711
202554091301
202554091302
202554091303
202554091304
202554091305
202554091306
202554091307
202554091308
202554091309
202554091310
202554091311
202554091401
202554091402
202554091403
202554091404
202554091405
202554091406
202554091407
202554091408
202554091409
202554091410
202554091411
202554092101
202554092102
202554092103
202554092104
202554092105
202554092106
202554092107
202554092108
202554092109
202554092110
202554092111
202554092112
202554092701
202554092702
202554092703
202554092704
202554092705
202554092706
202554092707
202554092708
202554092709
202554092710
202554092711
202554092801
202554092802
202554092803
202554092804
202554092805
202554092806
202554092807
202554092808
202554092809
202554092810
202554092811
202554092812
202555090601
202555090602
202555090603
202555090604
202555090605
202555090606
202555090607
202555090608
202555090609
202555090610
202555090611
202555090701
202555090702
202555090703
202555090704
202555090705
202555090706
202555090707
202555090708
202555090709
202555090710
202555090711
202555091301
202555091302
202555091303
202555091304
202555091305
202555091306
202555091307
202555091308
202555091309
202555091310
202555091311
202555091401
202555091402
202555091403
202555091404
202555091405
202555091406
202555091407
202555091408
202555091409
202555091410
202555091411
202555091501
202555091502
202555091503
202555091504
202555091505
202555091506
202555091507
202555091508
202555091509
202555091510
202555091511
202555092001
202555092002
202555092003
202555092004
202555092005
202555092006
202555092007
202555092008
202555092009
202555092010
202555092011
202555092101
202555092102
202555092103
202555092104
202555092105
202555092106
202555092107
202555092108
202555092109
202555092110
202555092111
202555092701
202555092702
202555092703
202555092704
202555092705
202555092706
202555092707
202555092708
202555092709
202555092710
202555092711
202555092801
202555092802
202555092803
202555092804
202555092805
202555092806
202555092807
202555092808
202555092809
202555092810
202565090601
202565090602
202565090603
202565090604
202565090605
202565090606
202565090607
202565090608
202565090609
202565090610
202565090611
202565090612
202565090701
202565090702
202565090703
202565090704
202565090705
202565090706
202565090707
202565090708
202565090709
202565090710
202565090711
202565090712
202565091301
202565091302
202565091303
202565091304
202565091305
202565091306
202565091307
202565091308
202565091309
202565091310
202565091311
202565091312
202565091401
202565091402
202565091403
202565091404
202565091405
202565091406
202565091407
202565091408
202565091409
202565091410
202565091411
202565091412
202565091501
202565091502
202565091503
202565091504
202565091505
202565091506
202565091507
202565091508
202565091509
202565091510
202565091511
202565091512
202565092001
202565092002
202565092003
202565092004
202565092005
202565092006
202565092007
202565092008
202565092009
202565092010
202565092011
202565092012
202565092101
202565092102
202565092103
202565092104
202565092105
202565092106
202565092107
202565092108
202565092109
202565092110
202565092111
202565092112
202565092701
202565092702
202565092703
202565092704
202565092705
202565092706
202565092707
202565092708
202565092709
202565092710
202565092711
202565092712
202565092801
202565092802
202565092803
202565092804
202565092805
202565092806
202565092807
202565092808
202565092809
202565092810
202565092811
202565092812