202503010101
202503010102
202503010103
202503010104
202503010105
202503010106
202503010107
202503010108
202503010109
202503010110
202503010111
202503010112
202503010201
202503010202
202503010203
202503010204
202503010205
202503010206
202503010207
202503010208
202503010209
202503010210
202503010211
202503010212
202503010301
202503010302
202503010303
202503010304
202503010305
202503010306
202503010307
202503010308
202503010309
202503010310
202503010311
202503010312
202503010401
202503010402
202503010403
202503010404
202503010405
202503010406
202503010407
202503010408
202503010409
202503010410
202503010411
202503010412
202503010501
202503010502
202503010503
202503010504
202503010505
202503010506
202503010507
202503010508
202503010509
202503010510
202503010511
202503010512
202503010601
202503010602
202503010603
202503010604
202503010605
202503010606
202503010607
202503010608
202503010609
202503010610
202503010611
202503010612
202505020101
202505020102
202505020103
202505020104
202505020105
202505020106
202505020107
202505020108
202505020109
202505020110
202505020111
202505020112
202505020201
202505020202
202505020203
202505020204
202505020205
202505020206
202505020207
202505020208
202505020209
202505020210
202505020211
202505020212
202506030301
202506030302
202506030303
202506030304
202506030305
202506030306
202506030307
202506030308
202506030309
202506030310
202506030311
202506030312
202506030401
202506030402
202506030403
202506030404
202506030405
202506030406
202506030407
202506030408
202506030409
202506030410
202506030411
202506030412
202506030501
202506030502
202506030503
202506030504
202506030505
202506030506
202506030507
202506030508
202506030509
202506030510
202506030511
202506030512
202506030601
202506030602
202506030603
202506030604
202506030605
202506030606
202506030607
202506030608
202506030609
202506030610
202506030611
202506030612
202506030701
202506030702
202506030703
202506030704
202506030705
202506030706
202506030707
202506030708
202506030709
202506030710
202506030711
202506030712
202506030801
202506030802
202506030803
202506030804
202506030805
202506030806
202506030807
202506030808
202506030809
202506030810
202506030811
202506030812
202508020101
202508020102
202508020103
202508020104
202508020105
202508020106
202508020107
202508020108
202508020109
202508020110
202508020111
202508020112
202508020201
202508020202
202508020203
202508020204
202508020205
202508020206
202508020207
202508020208
202508020209
202508020210
202508020211
202508020212
202509020301
202509020302
202509020303
202509020304
202509020305
202509020306
202509020307
202509020308
202509020309
202509020310
202509020311
202509020312
202509020401
202509020402
202509020403
202509020404
202509020405
202509020406
202509020407
202509020408
202509020409
202509020410
202509020411
202509020412
202509020501
202509020502
202509020503
202509020504
202509020505
202509020506
202509020507
202509020508
202509020509
202509020510
202509020511
202509020512
202509020601
202509020602
202509020603
202509020604
202509020605
202509020606
202509020607
202509020608
202509020609
202509020610
202509020611
202509020612
202509020701
202509020702
202509020703
202509020704
202509020705
202509020706
202509020707
202509020708
202509020709
202509020710
202509020711
202509020712
202509020801
202509020802
202509020803
202509020804
202509020805
202509020806
202509020807
202509020808
202509020809
202509020810
202509020811
202509020812
202536040601
202536040602
202536040603
202536040604
202536040605
202536040606
202536040607
202536040608
202536040609
202536040610
202536040611
202536041301
202536041302
202536041303
202536041304
202536041305
202536041306
202536041307
202536041308
202536041309
202536041310
202536041311
202536041312
202536042001
202536042002
202536042003
202536042004
202536042005
202536042006
202536042007
202536042008
202536042009
202536042010
202536042011
202536042601
202536042602
202536042603
202536042604
202536042605
202536042606
202536042607
202536042608
202536042609
202536042610
202536042611
202536042701
202536042702
202536042703
202536042704
202536042705
202536042706
202536042707
202536042708
202536042709
202536042710
202536042711
202546040601
202546040602
202546040603
202546040604
202546040605
202546040606
202546040607
202546040608
202546040609
202546040610
202546040611
202546041301
202546041302
202546041303
202546041304
202546041305
202546041306
202546041307
202546041308
202546041309
202546041310
202546041311
202546042001
202546042002
202546042003
202546042004
202546042005
202546042006
202546042007
202546042008
202546042009
202546042010
202546042011
202546042701
202546042702
202546042703
202546042704
202546042705
202546042706
202546042707
202546042708
202546042709
202546042710
202546042711
202546042712
202554040501
202554040502
202554040503
202554040504
202554040505
202554040506
202554040507
202554040508
202554040509
202554040510
202554040511
202554040601
202554040602
202554040603
202554040604
202554040605
202554040606
202554040607
202554040608
202554040609
202554040610
202554040611
202554040612
202554041201
202554041202
202554041203
202554041204
202554041205
202554041206
202554041207
202554041208
202554041209
202554041210
202554041211
202554041301
202554041302
202554041303
202554041304
202554041305
202554041306
202554041307
202554041308
202554041309
202554041310
202554041311
202554041901
202554041902
202554041903
202554041904
202554041905
202554041906
202554041907
202554041908
202554041909
202554041910
202554041911
202554041912
202554042001
202554042002
202554042003
202554042004
202554042005
202554042006
202554042007
202554042008
202554042009
202554042010
202554042011
202554042012
202554042601
202554042602
202554042603
202554042604
202554042605
202554042606
202554042607
202554042608
202554042609
202554042610
202554042701
202554042702
202554042703
202554042704
202554042705
202554042706
202554042707
202554042708
202554042709
202554042710
202554042711
202555040501
202555040502
202555040503
202555040504
202555040505
202555040506
202555040507
202555040508
202555040509
202555040510
202555040601
202555040602
202555040603
202555040604
202555040605
202555040606
202555040607
202555040608
202555040609
202555041201
202555041202
202555041203
202555041204
202555041205
202555041206
202555041207
202555041208
202555041209
202555041210
202555041301
202555041302
202555041303
202555041304
202555041305
202555041306
202555041307
202555041308
202555041309
202555041901
202555041902
202555041903
202555041904
202555041905
202555041906
202555041907
202555041908
202555041909
202555041910
202555042001
202555042002
202555042003
202555042004
202555042005
202555042006
202555042007
202555042008
202555042009
202555042601
202555042602
202555042603
202555042604
202555042605
202555042606
202555042607
202555042608
202555042609
202555042610
202555042611
202555042701
202555042702
202555042703
202555042704
202555042705
202555042706
202555042707
202555042708
202555042709
202555042710
202565041901
202565041902
202565041903
202565041904
202565041905
202565041906
202565041907
202565041908
202565041909
202565041910
202565041911
202565041912
202565042001
202565042002
202565042003
202565042004
202565042005
202565042006
202565042007
202565042008
202565042009
202565042010
202565042011
202565042012
202565042601
202565042602
202565042603
202565042604
202565042605
202565042606
202565042607
202565042608
202565042609
202565042610
202565042611
202565042612