202505010101
202505010102
202505010103
202505010104
202505010105
202505010106
202505010107
202505010108
202505010109
202505010110
202505010111
202505010112
202505010201
202505010202
202505010203
202505010204
202505010205
202505010206
202505010207
202505010208
202505010209
202505010210
202505010211
202505010212
202505010301
202505010302
202505010303
202505010304
202505010305
202505010306
202505010307
202505010308
202505010309
202505010310
202505010311
202505010312
202505010401
202505010402
202505010403
202505010404
202505010405
202505010406
202505010407
202505010408
202505010409
202505010410
202505010411
202505010412
202505010501
202505010502
202505010503
202505010504
202505010505
202505010506
202505010507
202505010508
202505010509
202505010510
202505010511
202505010512
202505010601
202505010602
202505010603
202505010604
202505010605
202505010606
202505010607
202505010608
202505010609
202505010610
202505010611
202505010612
202505010701
202505010702
202505010703
202505010704
202505010705
202505010706
202505010707
202505010708
202505010709
202505010710
202505010711
202505010712
202505010801
202505010802
202505010803
202505010804
202505010805
202505010806
202505010807
202505010808
202505010809
202505010810
202505010811
202505010812
202508010101
202508010102
202508010103
202508010104
202508010105
202508010106
202508010107
202508010108
202508010109
202508010110
202508010111
202508010112
202508010201
202508010202
202508010203
202508010204
202508010205
202508010206
202508010207
202508010208
202508010209
202508010210
202508010211
202508010212
202508010301
202508010302
202508010303
202508010304
202508010305
202508010306
202508010307
202508010308
202508010309
202508010310
202508010311
202508010312
202508010401
202508010402
202508010403
202508010404
202508010405
202508010406
202508010407
202508010408
202508010409
202508010410
202508010411
202508010412
202508010501
202508010502
202508010503
202508010504
202508010505
202508010506
202508010507
202508010508
202508010509
202508010510
202508010511
202508010512
202508010601
202508010602
202508010603
202508010604
202508010605
202508010606
202508010607
202508010608
202508010609
202508010610
202508010611
202508010612
202508010701
202508010702
202508010703
202508010704
202508010705
202508010706
202508010707
202508010708
202508010709
202508010710
202508010711
202508010712
202508010801
202508010802
202508010803
202508010804
202508010805
202508010806
202508010807
202508010808
202508010809
202508010810
202508010811
202508010812
202510010301
202510010302
202510010303
202510010304
202510010305
202510010306
202510010307
202510010308
202510010309
202510010310
202510010311
202510010312
202510010401
202510010402
202510010403
202510010404
202510010405
202510010406
202510010407
202510010408
202510010409
202510010410
202510010411
202510010412
202510010501
202510010502
202510010503
202510010504
202510010505
202510010506
202510010507
202510010508
202510010509
202510010510
202510010511
202510010512
202510010601
202510010602
202510010603
202510010604
202510010605
202510010606
202510010607
202510010608
202510010609
202510010610
202510010611
202510010612
202510010701
202510010702
202510010703
202510010704
202510010705
202510010706
202510010707
202510010708
202510010709
202510010710
202510010711
202510010712
202510010801
202510010802
202510010803
202510010804
202510010805
202510010806
202510010807
202510010808
202510010809
202510010810
202510010811
202510010812
202510010901
202510010902
202510010903
202510010904
202510010905
202510010906
202510010907
202510010908
202510010909
202510010910
202510010911
202510010912
202510011001
202510011002
202510011003
202510011004
202510011005
202510011006
202510011007
202510011008
202510011009
202510011010
202510011011
202510011012
202543021001
202543021002
202543021003
202543021004
202543021005
202543021006
202543021007
202543021008
202543021009
202543021010
202543021011
202543021012
202545020801
202545020802
202545020803
202545020804
202545020805
202545020806
202545020807
202545020808
202545020809
202545020810
202545020811
202545020812
202548021001
202548021002
202548021003
202548021004
202548021005
202548021006
202548021007
202548021008
202548021009
202548021010
202548021011
202548021012
202554020201
202554020202
202554020203
202554020204
202554020205
202554020206
202554020207
202554020208
202554020209
202554020210
202554020901
202554020902
202554020903
202554020904
202554020905
202554020906
202554020907
202554020908
202554020909
202554021601
202554021602
202554021603
202554021604
202554021605
202554021606
202554021607
202554021608
202554021609
202554022301
202554022302
202554022303
202554022304
202554022305
202554022306
202554022307
202554022308
202554022309
202555020101
202555020102
202555020103
202555020104
202555020105
202555020106
202555020107
202555020108
202555020109
202555020110
202555020111
202555020112
202555020201
202555020202
202555020203
202555020204
202555020205
202555020206
202555020207
202555020208
202555020209
202555020210
202555020211
202555020212
202555020801
202555020802
202555020803
202555020804
202555020805
202555020806
202555020807
202555020808
202555020809
202555020810
202555020811
202555020812
202555020901
202555020902
202555020903
202555020904
202555020905
202555020906
202555020907
202555020908
202555020909
202555020910
202555020911
202555021501
202555021502
202555021503
202555021504
202555021505
202555021506
202555021507
202555021508
202555021509
202555021510
202555021511
202555021512
202555021601
202555021602
202555021603
202555021604
202555021605
202555021606
202555021607
202555021608
202555021609
202555021610
202555021611
202555022201
202555022202
202555022203
202555022204
202555022205
202555022206
202555022207
202555022208
202555022209
202555022210
202555022211
202555022212
202555022301
202555022302
202555022303
202555022304
202555022305
202555022306
202555022307
202555022308
202555022309
202555022310
202555022311
202565020101
202565020102
202565020103
202565020104
202565020105
202565020106
202565020107
202565020108
202565020109
202565020110
202565020111
202565020112
202565020201
202565020202
202565020203
202565020204
202565020205
202565020206
202565020207
202565020208
202565020209
202565020210
202565020211
202565020212
202565020801
202565020802
202565020803
202565020804
202565020805
202565020806
202565020807
202565020808
202565020809
202565020810
202565020811
202565020812
202565020901
202565020902
202565020903
202565020904
202565020905
202565020906
202565020907
202565020908
202565020909
202565020910
202565020911
202565020912
202565021001
202565021002
202565021003
202565021004
202565021005
202565021006
202565021007
202565021008
202565021009
202565021010
202565021011
202565021012
202565021501
202565021502
202565021503
202565021504
202565021505
202565021506
202565021507
202565021508
202565021509
202565021510
202565021511
202565021512
202565021601
202565021602
202565021603
202565021604
202565021605
202565021606
202565021607
202565021608
202565021609
202565021610
202565021611
202565021612
202565022201
202565022202
202565022203
202565022204
202565022205
202565022206
202565022207
202565022208
202565022209
202565022210
202565022211
202565022212
202565022301
202565022302
202565022303
202565022304
202565022305
202565022306
202565022307
202565022308
202565022309
202565022310
202565022311
202565022312