202506050101
202506050102
202506050103
202506050104
202506050105
202506050106
202506050107
202506050108
202506050109
202506050110
202506050111
202506050112
202506050201
202506050202
202506050203
202506050204
202506050205
202506050206
202506050207
202506050208
202506050209
202506050210
202506050211
202506050212
202506050301
202506050302
202506050303
202506050304
202506050305
202506050306
202506050307
202506050308
202506050309
202506050310
202506050311
202506050312
202506050401
202506050402
202506050403
202506050404
202506050405
202506050406
202506050407
202506050408
202506050409
202506050410
202506050411
202506050412
202506050501
202506050502
202506050503
202506050504
202506050505
202506050506
202506050507
202506050508
202506050509
202506050510
202506050511
202506050512
202506050601
202506050602
202506050603
202506050604
202506050605
202506050606
202506050607
202506050608
202506050609
202506050610
202506050611
202506050612
202506050701
202506050702
202506050703
202506050704
202506050705
202506050706
202506050707
202506050708
202506050709
202506050710
202506050711
202506050712
202506050801
202506050802
202506050803
202506050804
202506050805
202506050806
202506050807
202506050808
202506050809
202506050810
202506050811
202506050812
202507050101
202507050102
202507050103
202507050104
202507050105
202507050106
202507050107
202507050108
202507050109
202507050110
202507050111
202507050112
202507050201
202507050202
202507050203
202507050204
202507050205
202507050206
202507050207
202507050208
202507050209
202507050210
202507050211
202507050212
202507050301
202507050302
202507050303
202507050304
202507050305
202507050306
202507050307
202507050308
202507050309
202507050310
202507050311
202507050312
202507050401
202507050402
202507050403
202507050404
202507050405
202507050406
202507050407
202507050408
202507050409
202507050410
202507050411
202507050412
202507050501
202507050502
202507050503
202507050504
202507050505
202507050506
202507050507
202507050508
202507050509
202507050510
202507050511
202507050512
202507050601
202507050602
202507050603
202507050604
202507050605
202507050606
202507050607
202507050608
202507050609
202507050610
202507050611
202507050612
202509050101
202509050102
202509050103
202509050104
202509050105
202509050106
202509050107
202509050108
202509050109
202509050110
202509050111
202509050112
202509050201
202509050202
202509050203
202509050204
202509050205
202509050206
202509050207
202509050208
202509050209
202509050210
202509050211
202509050212
202509050301
202509050302
202509050303
202509050304
202509050305
202509050306
202509050307
202509050308
202509050309
202509050310
202509050311
202509050312
202509050401
202509050402
202509050403
202509050404
202509050405
202509050406
202509050407
202509050408
202509050409
202509050410
202509050411
202509050412
202509050501
202509050502
202509050503
202509050504
202509050505
202509050506
202509050507
202509050508
202509050509
202509050510
202509050511
202509050512
202509050601
202509050602
202509050603
202509050604
202509050605
202509050606
202509050607
202509050608
202509050609
202509050610
202509050611
202509050612
202509050701
202509050702
202509050703
202509050704
202509050705
202509050706
202509050707
202509050708
202509050709
202509050710
202509050711
202509050712
202509050801
202509050802
202509050803
202509050804
202509050805
202509050806
202509050807
202509050808
202509050809
202509050810
202509050811
202509050812
202536121401
202536121402
202536121403
202536121404
202536121405
202536121406
202536121407
202536121408
202536121409
202536121410
202536121411
202536121412
202536122101
202536122102
202536122103
202536122104
202536122105
202536122106
202536122107
202536122108
202536122109
202536122110
202536122111
202536122112
202546120701
202546120702
202546120703
202546120704
202546120705
202546120706
202546120707
202546120708
202546120709
202546120710
202546120711
202546121401
202546121402
202546121403
202546121404
202546121405
202546121406
202546121407
202546121408
202546121409
202546121410
202546121411
202546122701
202546122702
202546122703
202546122704
202546122705
202546122706
202546122707
202546122708
202546122709
202546122710
202546122711
202546122801
202546122802
202546122803
202546122804
202546122805
202546122806
202546122807
202546122808
202546122809
202546122810
202546122811
202554120601
202554120602
202554120603
202554120604
202554120605
202554120606
202554120607
202554120608
202554120609
202554120610
202554120611
202554120701
202554120702
202554120703
202554120704
202554120705
202554120706
202554120707
202554120708
202554120709
202554120710
202554120711
202554121301
202554121302
202554121303
202554121304
202554121305
202554121306
202554121307
202554121308
202554121309
202554121310
202554121311
202554121312
202554121401
202554121402
202554121403
202554121404
202554121405
202554121406
202554121407
202554121408
202554121409
202554121410
202554121411
202554121412
202554122001
202554122002
202554122003
202554122004
202554122005
202554122006
202554122007
202554122008
202554122009
202554122010
202554122011
202554122012
202554122101
202554122102
202554122103
202554122104
202554122105
202554122106
202554122107
202554122108
202554122109
202554122110
202554122111
202554122801
202554122802
202554122803
202554122804
202554122805
202554122806
202554122807
202554122808
202554122809
202554122810
202554122811
202554122812
202555120601
202555120602
202555120603
202555120604
202555120605
202555120606
202555120607
202555120608
202555120609
202555120701
202555120702
202555120703
202555120704
202555120705
202555120706
202555120707
202555120708
202555120709
202555120710
202555121301
202555121302
202555121303
202555121304
202555121305
202555121306
202555121307
202555121308
202555121309
202555121310
202555121401
202555121402
202555121403
202555121404
202555121405
202555121406
202555121407
202555121408
202555121409
202555122001
202555122002
202555122003
202555122004
202555122005
202555122006
202555122007
202555122008
202555122009
202555122010
202555122101
202555122102
202555122103
202555122104
202555122105
202555122106
202555122107
202555122108
202555122109
202555122110
202555122701
202555122702
202555122703
202555122704
202555122705
202555122706
202555122707
202555122708
202555122709
202555122710
202555122801
202555122802
202555122803
202555122804
202555122805
202555122806
202555122807
202555122808
202555122809
202555122810
202565120601
202565120602
202565120603
202565120604
202565120605
202565120606
202565120607
202565120608
202565120609
202565120610
202565120611
202565120612
202565120701
202565120702
202565120703
202565120704
202565120705
202565120706
202565120707
202565120708
202565120709
202565120710
202565120711
202565120712
202565121301
202565121302
202565121303
202565121304
202565121305
202565121306
202565121307
202565121308
202565121309
202565121310
202565121311
202565121312
202565121401
202565121402
202565121403
202565121404
202565121406
202565121407
202565121408
202565121409
202565121410
202565121411
202565121412
202565122001
202565122002
202565122003
202565122004
202565122005
202565122006
202565122007
202565122008
202565122009
202565122010
202565122011
202565122012
202565122101
202565122102
202565122103
202565122104
202565122105
202565122106
202565122107
202565122108
202565122109
202565122110
202565122111
202565122112
202565122801
202565122802
202565122803
202565122804
202565122805
202565122806
202565122807
202565122808
202565122809
202565122810
202565122811
202565122812