202605010201
202605010202
202605010203
202605010204
202605010205
202605010206
202605010207
202605010208
202605010209
202605010210
202605010211
202605010212
202605010301
202605010302
202605010303
202605010304
202605010305
202605010306
202605010307
202605010401
202605010402
202605010403
202605010404
202605010405
202605010406
202605010407
202605010408
202605010409
202605010410
202605010411
202605010412
202605010501
202605010502
202605010503
202605010504
202605010505
202605010506
202605010507
202605010508
202605010509
202605010510
202605010511
202605010512
202605010601
202605010602
202605010603
202605010604
202605010605
202605010606
202605010607
202605010608
202605010609
202605010610
202605010611
202605010612
202605010701
202605010702
202605010703
202605010704
202605010705
202605010706
202605010707
202605010708
202605010709
202605010710
202605010711
202605010712
202605010801
202605010802
202605010803
202605010804
202605010805
202605010806
202605010807
202605010808
202605010809
202605010810
202605010811
202605010812
202606020101
202606020102
202606020103
202606020104
202606020105
202606020106
202606020107
202606020108
202606020109
202606020110
202606020111
202606020112
202608020201
202608020202
202608020203
202608020204
202608020205
202608020206
202608020207
202608020208
202608020209
202608020210
202608020211
202608020212
202608020301
202608020302
202608020303
202608020304
202608020305
202608020306
202608020307
202608020308
202608020309
202608020310
202608020311
202608020312
202608020401
202608020402
202608020403
202608020404
202608020405
202608020406
202608020407
202608020408
202608020409
202608020410
202608020411
202608020412
202608020501
202608020502
202608020503
202608020504
202608020505
202608020506
202608020507
202608020508
202608020509
202608020510
202608020511
202608020512
202608020601
202608020602
202608020603
202608020604
202608020605
202608020606
202608020607
202608020608
202608020609
202608020610
202608020611
202608020612
202609010101
202609010102
202609010103
202609010104
202609010105
202609010106
202609010107
202609010108
202609010109
202609010110
202609010111
202609010112
202609010201
202609010202
202609010203
202609010204
202609010205
202609010206
202609010207
202609010208
202609010209
202609010210
202609010211
202609010212
202609010301
202609010302
202609010303
202609010304
202609010305
202609010306
202609010307
202609010308
202609010309
202609010310
202609010311
202609010312
202610010401
202610010402
202610010403
202610010404
202610010405
202610010406
202610010407
202610010408
202610010409
202610010410
202610010411
202610010412
202610010501
202610010502
202610010503
202610010504
202610010505
202610010506
202610010507
202610010508
202610010509
202610010510
202610010511
202610010512
202610010601
202610010602
202610010603
202610010605
202610010606
202610010607
202610010608
202610010609
202610010610
202610010611
202610010612
202610010701
202610010702
202610010703
202610010704
202610010705
202610010706
202610010707
202610010708
202610010709
202610010710
202610010711
202610010712
202610010801
202610010802
202610010803
202610010804
202610010805
202610010806
202610010807
202610010808
202610010809
202610010810
202610010811
202610010812
202610010901
202610010902
202610010903
202610010904
202610010905
202610010906
202610010907
202610010908
202610010909
202610010910
202610010911
202610010912
202610011001
202610011002
202610011003
202610011004
202610011005
202610011006
202610011007
202610011008
202610011009
202610011010
202610011011
202610011012
202610011101
202610011102
202610011103
202610011104
202610011105
202610011106
202610011107
202610011108
202610011109
202610011110
202610011111
202610011112
202642022801
202642022802
202642022803
202642022804
202642022805
202642022806
202642022807
202642022808
202642022809
202642022810
202642022811
202642022812
202643021001
202643021002
202643021003
202643021004
202643021005
202643021006
202643021007
202643021008
202643021009
202643021010
202643021011
202643021012
202648021001
202648021002
202648021003
202648021004
202648021005
202648021006
202648021007
202648021008
202648021009
202648021010
202648021011
202648021012
202651021001
202651021002
202651021003
202651021004
202651021005
202651021006
202651021007
202651021008
202651021009
202651021010
202651021011
202651021012
202654020101
202654020102
202654020103
202654020104
202654020105
202654020106
202654020107
202654020108
202654020109
202654020110
202654020801
202654020802
202654020803
202654020804
202654020805
202654020806
202654020807
202654020808
202654020809
202654020810
202654021001
202654021002
202654021003
202654021004
202654021005
202654021006
202654021007
202654021008
202654021009
202654021010
202654021501
202654021502
202654021503
202654021504
202654021505
202654021506
202654021507
202654021508
202654021509
202654021510
202654022201
202654022202
202654022203
202654022204
202654022205
202654022206
202654022207
202654022208
202654022209
202655020101
202655020102
202655020103
202655020104
202655020105
202655020106
202655020107
202655020108
202655020109
202655020110
202655020111
202655020112
202655020701
202655020702
202655020703
202655020704
202655020705
202655020706
202655020707
202655020708
202655020709
202655020710
202655020711
202655020712
202655020801
202655020802
202655020803
202655020804
202655020805
202655020806
202655020807
202655020808
202655020809
202655020810
202655020811
202655020812
202655021401
202655021402
202655021403
202655021404
202655021405
202655021406
202655021407
202655021408
202655021409
202655021410
202655021411
202655021501
202655021502
202655021503
202655021504
202655021505
202655021506
202655021507
202655021508
202655021509
202655021510
202655021511
202655022101
202655022102
202655022103
202655022104
202655022105
202655022106
202655022107
202655022108
202655022109
202655022110
202655022111
202655022112
202655022201
202655022202
202655022203
202655022204
202655022205
202655022206
202655022207
202655022208
202655022209
202655022210
202655022211
202655022212
202655022801
202655022802
202655022803
202655022804
202655022805
202655022806
202655022807
202655022808
202655022809
202655022810
202655022811
202665020101
202665020102
202665020103
202665020104
202665020105
202665020106
202665020107
202665020108
202665020109
202665020110
202665020111
202665020112
202665020701
202665020702
202665020703
202665020704
202665020705
202665020706
202665020707
202665020708
202665020709
202665020710
202665020711
202665020712
202665020801
202665020802
202665020803
202665020804
202665020805
202665020806
202665020807
202665020808
202665020809
202665020810
202665020811
202665020812
202665021401
202665021402
202665021403
202665021404
202665021405
202665021406
202665021407
202665021408
202665021409
202665021410
202665021411
202665021412
202665021501
202665021502
202665021503
202665021504
202665021505
202665021506
202665021507
202665021508
202665021509
202665021510
202665021511
202665021512
202665022101
202665022102
202665022103
202665022104
202665022105
202665022106
202665022107
202665022108
202665022109
202665022110
202665022111
202665022112
202665022201
202665022202
202665022203
202665022204
202665022205
202665022206
202665022207
202665022208
202665022209
202665022210
202665022211
202665022212
202665022801
202665022802
202665022803
202665022804
202665022805
202665022806
202665022807
202665022808
202665022809
202665022810
202665022811
202665022812