202605010101
202605010102
202605010103
202605010104
202605010105
202605010106
202605010107
202605010108
202605010109
202605010110
202605010111
202605010112
202606010101
202606010102
202606010103
202606010104
202606010105
202606010106
202606010107
202606010108
202606010109
202606010110
202606010111
202606010112
202606010201
202606010202
202606010203
202606010204
202606010205
202606010206
202606010207
202606010208
202606010209
202606010210
202606010211
202606010212
202606010301
202606010302
202606010303
202606010304
202606010305
202606010306
202606010307
202606010308
202606010309
202606010310
202606010311
202606010312
202606010401
202606010402
202606010403
202606010404
202606010405
202606010406
202606010407
202606010408
202606010409
202606010410
202606010411
202606010412
202606010501
202606010502
202606010503
202606010504
202606010505
202606010506
202606010507
202606010508
202606010509
202606010510
202606010511
202606010512
202606010601
202606010602
202606010603
202606010604
202606010605
202606010606
202606010607
202606010608
202606010609
202606010610
202606010611
202606010612
202606010701
202606010702
202606010703
202606010704
202606010705
202606010706
202606010707
202606010708
202606010709
202606010710
202606010711
202606010712
202606010801
202606010802
202606010803
202606010804
202606010805
202606010806
202606010807
202606010808
202606010809
202606010810
202606010811
202606010812
202606010901
202606010902
202606010903
202606010904
202606010905
202606010906
202606010907
202606010908
202606010909
202606010910
202606010911
202606010912
202608010101
202608010102
202608010103
202608010104
202608010105
202608010106
202608010107
202608010108
202608010109
202608010110
202608010111
202608010112
202608010201
202608010202
202608010203
202608010204
202608010205
202608010206
202608010207
202608010208
202608010209
202608010210
202608010211
202608010212
202608010301
202608010302
202608010303
202608010304
202608010305
202608010306
202608010307
202608010308
202608010309
202608010310
202608010311
202608010312
202608010401
202608010402
202608010403
202608010404
202608010405
202608010406
202608010407
202608010408
202608010409
202608010410
202608010411
202608010412
202608010501
202608010502
202608010503
202608010504
202608010505
202608010506
202608010507
202608010508
202608010509
202608010510
202608010511
202608010512
202608010601
202608010602
202608010603
202608010604
202608010605
202608010606
202608010607
202608010608
202608010609
202608010610
202608010611
202608010612
202608010701
202608010702
202608010703
202608010704
202608010705
202608010706
202608010707
202608010708
202608010709
202608010710
202608010711
202608010712
202608010801
202608010802
202608010803
202608010804
202608010805
202608010806
202608010807
202608010808
202608010809
202608010810
202608010811
202608010812
202608010901
202608010902
202608010903
202608010904
202608010905
202608010906
202608010907
202608010908
202608010909
202608010910
202608010911
202608010912
202608020101
202608020102
202608020103
202608020104
202608020105
202608020106
202608020107
202608020108
202608020109
202608020110
202608020111
202608020112
202610010101
202610010102
202610010103
202610010104
202610010105
202610010106
202610010107
202610010108
202610010109
202610010110
202610010111
202610010112
202610010201
202610010202
202610010203
202610010204
202610010205
202610010206
202610010207
202610010208
202610010209
202610010210
202610010211
202610010212
202610010301
202610010302
202610010303
202610010304
202610010305
202610010306
202610010307
202610010308
202610010309
202610010310
202610010311
202610010312
202644011201
202644011202
202644011203
202644011204
202644011205
202644011206
202644011207
202644011208
202644011209
202644011210
202644011211
202644011212
202645010401
202645010402
202645010403
202645010404
202645010405
202645010406
202645010407
202645010408
202645010409
202645010410
202645010411
202645010412
202648010401
202648010402
202648010403
202648010404
202648010405
202648010406
202648010407
202648010408
202648010409
202648010410
202648010411
202648010412
202648010501
202648010502
202648010503
202648010504
202648010505
202648010506
202648010507
202648010508
202648010509
202648010510
202648010511
202648010512
202654011001
202654011002
202654011003
202654011004
202654011005
202654011006
202654011007
202654011008
202654011009
202654011010
202654011011
202654011101
202654011102
202654011103
202654011104
202654011105
202654011106
202654011107
202654011108
202654011109
202654011110
202654011111
202654011201
202654011202
202654011203
202654011204
202654011205
202654011206
202654011207
202654011208
202654011209
202654011210
202654011211
202654011801
202654011802
202654011803
202654011804
202654011805
202654011806
202654011807
202654011808
202654011809
202654011810
202654012501
202654012502
202654012503
202654012504
202654012505
202654012506
202654012507
202654012508
202654012509
202654012510
202654012511
202655010401
202655010402
202655010403
202655010404
202655010405
202655010406
202655010407
202655010408
202655010409
202655010501
202655010502
202655010503
202655010504
202655010505
202655010506
202655010507
202655010508
202655010509
202655010510
202655010511
202655011001
202655011002
202655011003
202655011004
202655011005
202655011006
202655011007
202655011008
202655011009
202655011010
202655011011
202655011101
202655011102
202655011103
202655011104
202655011105
202655011106
202655011107
202655011108
202655011109
202655011110
202655011701
202655011702
202655011703
202655011704
202655011705
202655011706
202655011707
202655011708
202655011709
202655011710
202655011801
202655011802
202655011803
202655011804
202655011805
202655011806
202655011807
202655011808
202655011809
202655011810
202655012401
202655012402
202655012403
202655012404
202655012405
202655012406
202655012407
202655012408
202655012409
202655012410
202655012411
202655012412
202655012501
202655012502
202655012503
202655012504
202655012505
202655012506
202655012507
202655012508
202655012509
202655012510
202655012511
202655012512
202655013101
202655013102
202655013103
202655013104
202655013105
202655013106
202655013107
202655013108
202655013109
202655013110
202655013111
202655013112
202665010401
202665010402
202665010403
202665010404
202665010405
202665010406
202665010407
202665010408
202665010409
202665010410
202665010411
202665010412
202665011001
202665011002
202665011003
202665011004
202665011005
202665011006
202665011007
202665011008
202665011009
202665011010
202665011011
202665011012
202665011701
202665011702
202665011703
202665011704
202665011705
202665011706
202665011707
202665011708
202665011709
202665011710
202665011711
202665011712
202665011801
202665011802
202665011803
202665011804
202665011805
202665011806
202665011807
202665011808
202665011809
202665011810
202665011811
202665011812
202665012401
202665012402
202665012403
202665012404
202665012405
202665012406
202665012407
202665012408
202665012409
202665012410
202665012411
202665012412
202665012501
202665012502
202665012503
202665012504
202665012505
202665012506
202665012507
202665012508
202665012509
202665012510
202665012511
202665012512
202665013101
202665013102
202665013103
202665013104
202665013105
202665013106
202665013107
202665013108
202665013109
202665013110
202665013111
202665013112