202606020201
202606020202
202606020203
202606020204
202606020205
202606020206
202606020207
202606020208
202606020209
202606020210
202606020211
202606020212
202606020301
202606020302
202606020303
202606020304
202606020305
202606020306
202606020307
202606020308
202606020309
202606020310
202606020311
202606020312
202606020401
202606020402
202606020403
202606020404
202606020405
202606020406
202606020407
202606020408
202606020409
202606020410
202606020411
202606020412
202606020501
202606020502
202606020503
202606020504
202606020505
202606020506
202606020507
202606020508
202606020509
202606020510
202606020511
202606020512
202606020601
202606020602
202606020603
202606020604
202606020605
202606020606
202606020607
202606020608
202606020609
202606020610
202606020611
202606020612
202606020701
202606020702
202606020703
202606020704
202606020705
202606020706
202606020707
202606020708
202606020709
202606020710
202606020711
202606020712
202606020801
202606020802
202606020803
202606020804
202606020805
202606020806
202606020807
202606020808
202606020809
202606020810
202606020811
202606020812
202606030101
202606030102
202606030103
202606030104
202606030105
202606030106
202606030107
202606030108
202606030109
202606030110
202606030111
202606030112
202606030201
202606030202
202606030203
202606030204
202606030205
202606030206
202606030207
202606030208
202606030209
202606030210
202606030211
202606030212
202607010101
202607010102
202607010103
202607010104
202607010105
202607010106
202607010107
202607010108
202607010109
202607010110
202607010111
202607010112
202607010201
202607010202
202607010203
202607010204
202607010205
202607010206
202607010207
202607010208
202607010209
202607010210
202607010211
202607010212
202607010301
202607010302
202607010303
202607010304
202607010305
202607010306
202607010307
202607010308
202607010309
202607010310
202607010311
202607010312
202607010401
202607010402
202607010403
202607010404
202607010405
202607010406
202607010407
202607010408
202607010409
202607010410
202607010411
202607010412
202607010501
202607010502
202607010503
202607010504
202607010505
202607010506
202607010507
202607010508
202607010509
202607010510
202607010511
202607010512
202607010601
202607010602
202607010603
202607010604
202607010605
202607010606
202607010607
202607010608
202607010609
202607010610
202607010611
202607010612
202609010401
202609010402
202609010403
202609010404
202609010405
202609010406
202609010407
202609010408
202609010409
202609010410
202609010411
202609010412
202609010501
202609010502
202609010503
202609010504
202609010505
202609010506
202609010507
202609010508
202609010509
202609010510
202609010511
202609010512
202609010601
202609010602
202609010603
202609010604
202609010605
202609010606
202609010607
202609010608
202609010609
202609010610
202609010611
202609010612
202609010701
202609010702
202609010703
202609010704
202609010705
202609010706
202609010707
202609010708
202609010709
202609010710
202609010711
202609010712
202609010801
202609010802
202609010803
202609010804
202609010805
202609010806
202609010807
202609010808
202609010809
202609010810
202609010811
202609010812
202609010901
202609010902
202609010903
202609010904
202609010905
202609010906
202609010907
202609010908
202609010909
202609010910
202609010911
202609010912
202609011001
202609011002
202609011003
202609011004
202609011005
202609011006
202609011007
202609011008
202609011009
202609011010
202609011011
202609011012
202609020101
202609020102
202609020103
202609020104
202609020105
202609020106
202609020107
202609020108
202609020109
202609020110
202609020111
202609020112
202609020201
202609020202
202609020203
202609020204
202609020205
202609020206
202609020207
202609020208
202609020209
202609020210
202609020211
202609020212
202610011201
202610011202
202610011203
202610011204
202610011205
202610011206
202610011207
202610011208
202610011209
202610011210
202610011211
202610011212
202636030801
202636030802
202636030803
202636030804
202636030805
202636030806
202636030807
202636030808
202636030809
202636030810
202636030811
202636031501
202636031502
202636031503
202636031504
202636031505
202636031506
202636031507
202636031508
202636031509
202636031510
202636031511
202636032201
202636032202
202636032203
202636032204
202636032205
202636032206
202636032207
202636032208
202636032209
202636032210
202636032211
202636032901
202636032902
202636032903
202636032904
202636032905
202636032906
202636032907
202636032908
202636032909
202636032910
202636032911
202646031501
202646031502
202646031503
202646031504
202646031505
202646031506
202646031507
202646031508
202646031509
202646032801
202646032802
202646032803
202646032804
202646032805
202646032806
202646032807
202646032808
202646032809
202646032810
202646032901
202646032902
202646032903
202646032904
202646032905
202646032906
202646032907
202646032908
202646032909
202646032910
202654030101
202654030102
202654030103
202654030104
202654030105
202654030106
202654030107
202654030108
202654030109
202654030110
202654030801
202654030802
202654030803
202654030804
202654030805
202654030806
202654030807
202654030808
202654030809
202654031501
202654031502
202654031503
202654031504
202654031505
202654031506
202654031507
202654031508
202654032201
202654032202
202654032203
202654032204
202654032205
202654032206
202654032207
202654032208
202654032209
202655030101
202655030102
202655030103
202655030104
202655030105
202655030106
202655030107
202655030108
202655030109
202655030110
202655030111
202655030701
202655030702
202655030703
202655030704
202655030705
202655030706
202655030707
202655030708
202655030709
202655030710
202655030711
202655030801
202655030802
202655030803
202655030804
202655030805
202655030806
202655030807
202655030808
202655030809
202655030810
202655030811
202655031401
202655031402
202655031403
202655031404
202655031405
202655031406
202655031407
202655031408
202655031409
202655031410
202655031411
202655031412
202655031501
202655031502
202655031503
202655031504
202655031505
202655031506
202655031507
202655031508
202655031509
202655031510
202655031511
202655032101
202655032102
202655032103
202655032104
202655032105
202655032106
202655032107
202655032108
202655032109
202655032110
202655032111
202655032201
202655032202
202655032203
202655032204
202655032205
202655032206
202655032207
202655032208
202655032209
202655032210
202655032211
202655032801
202655032802
202655032803
202655032804
202655032805
202655032806
202655032807
202655032808
202655032809
202655032810
202655032811
202655032901
202655032902
202655032903
202655032904
202655032905
202655032906
202655032907
202655032908
202655032909
202655032910
202655032911
202665030101
202665030102
202665030103
202665030104
202665030105
202665030106
202665030107
202665030108
202665030109
202665030110
202665030111
202665030112
202665030701
202665030702
202665030703
202665030704
202665030705
202665030706
202665030707
202665030708
202665030709
202665030710
202665030711
202665030712
202665030801
202665030802
202665030803
202665030804
202665030805
202665030806
202665030807
202665030808
202665030809
202665030810
202665030811
202665030812
202665031401
202665031402
202665031403
202665031404
202665031405
202665031406
202665031407
202665031408
202665031409
202665031410
202665031411
202665031412
202665031501
202665031502
202665031503
202665031504
202665031505
202665031506
202665031507
202665031508
202665031509
202665031510
202665031511
202665031512
202665032101
202665032102
202665032103
202665032104
202665032105
202665032106
202665032107
202665032108
202665032109
202665032110
202665032111
202665032112
202665032201
202665032202
202665032203
202665032204
202665032205
202665032206
202665032207
202665032208
202665032209
202665032210
202665032211
202665032212