tree
version=v4
num_class=1
num_tree_per_iteration=1
label_index=0
max_feature_idx=25
objective=lambdarank
feature_names=course_type_enc direction_enc distance track_condition_enc weather_enc venue_code_enc race_grade field_size gate horse_num weight_carried age horse_win_rate_all horse_top3_rate_all horse_top3_rate_3 horse_last_finish horse_days_since_last horse_avg_last3f_3 horse_career_races horse_running_style horse_weight weight_diff jockey_win_rate_30d jockey_top3_rate_30d jockey_win_rate_course jockey_recent_rides
feature_infos=[0:1] [-1:1] [1000:4260] [-1:3] [-1:3] [1:10] [1:5] [5:18] [1:8] [1:18] [48:65] [2:12] none none none none none none none none none none [0:1] [0:1] [0:1] [0:833]
tree_sizes=14012

Tree=0
num_leaves=127
num_cat=0
split_feature=24 24 24 24 23 11 23 23 25 24 24 23 2 24 11 11 23 2 3 2 10 23 23 23 23 23 25 10 24 6 11 23 7 23 24 23 25 23 11 2 23 2 7 11 25 3 25 6 11 23 6 10 23 24 23 2 11 25 24 24 22 9 23 9 8 23 11 10 11 24 23 7 2 25 24 23 24 7 25 10 9 2 10 23 22 23 2 11 23 25 11 11 11 25 11 22 11 10 11 24 10 23 25 6 9 25 22 23 2 8 24 25 11 10 23 4 23 2 11 7 23 6 2 24 22 9
split_gain=5600.76 937.562 593.032 278.322 172.763 116.203 107.769 86.277 63.8042 51.5472 51.1486 46.5189 38.1279 38.1197 36.4393 30.034 28.6472 27.7312 27.5503 24.6697 24.0818 34.2715 22.3507 19.9497 19.1799 19.1348 18.3315 23.9007 17.8806 17.4393 16.2658 19.0216 16.107 15.938 15.5611 14.5802 14.0395 13.9633 16.2219 13.8269 13.7291 13.7163 15.9446 13.6868 16.3986 13.3521 13.3165 14.1606 13.2609 13.1651 13.5099 13.046 12.0095 11.9256 11.466 11.5889 11.4463 25.3936 11.8733 12.1098 11.6905 11.6701 11.4217 16.5756 13.7558 11.3843 11.3012 12.2847 11.2881 11.2646 11.2522 11.0985 11.0542 10.9932 10.7655 13.7471 10.6447 10.5874 10.4682 12.795 10.4313 11.1709 10.3627 10.3226 12.081 15.0051 13.2432 10.2472 10.1797 11.3266 10.1717 10.1716 10.8193 9.99337 12.4193 9.9594 9.84948 10.6314 9.83441 9.79909 9.65844 9.62285 9.37182 9.29109 9.22037 9.11946 10.4627 10.6369 10.3286 9.92148 15.1644 10.0931 9.65934 9.0113 14.9895 9.20332 8.97602 8.88531 8.82141 8.7432 10.2861 8.62461 8.60836 13.0729 8.80768 8.57704
threshold=0.076038286831739091 0.1255382118021012 0.051434450323339216 0.20626738667975783 0.11981595092024541 4.5000000000000009 0.21231060606060609 0.18923745173745177 44.500000000000007 0.10358986885439217 0.035877034545756525 0.27320574162679429 1250.0000000000002 0.043943629341663425 3.5000000000000004 5.5000000000000009 0.20354676710608918 1250.0000000000002 -1.0000000180025095e-35 1250.0000000000002 55.750000000000007 0.18544973544973548 0.075235849056603785 0.22599846390168973 0.20599461158509208 0.29043974068577683 25.500000000000004 58.250000000000007 0.071860865425113093 1.5000000000000002 5.5000000000000009 0.27223320158102771 14.500000000000002 0.28386720053386721 0.066689357839800331 0.3722167243938645 59.500000000000007 0.16032786885245906 4.5000000000000009 1075.0000000000002 0.18237250554323728 1075.0000000000002 13.500000000000002 4.5000000000000009 14.500000000000002 1.5000000000000002 52.500000000000007 1.5000000000000002 4.5000000000000009 0.33442982456140352 1.5000000000000002 55.750000000000007 0.24217986314760512 0.043943629341663425 0.036038961038961044 1350.0000000000002 4.5000000000000009 8.5000000000000018 0.027113538901368188 1.0000000180025095e-35 0.030536130536130541 15.500000000000002 0.20025380710659901 11.500000000000002 7.5000000000000009 0.35604829347573724 4.5000000000000009 59.750000000000007 4.5000000000000009 0.04890842930300391 0.25658350658350665 9.5000000000000018 1250.0000000000002 23.500000000000004 0.15152932505598551 0.30987936225675433 0.10871995929989826 10.500000000000002 26.500000000000004 53.500000000000007 6.5000000000000009 1175.0000000000002 51.750000000000007 0.23816987610091059 0.10186786579038397 0.26013698630136989 1950.0000000000002 4.5000000000000009 0.26697819314641752 65.500000000000014 2.5000000000000004 4.5000000000000009 2.5000000000000004 21.500000000000004 4.5000000000000009 0.080229885057471279 2.5000000000000004 56.750000000000007 2.5000000000000004 0.029421830333776225 57.250000000000007 0.20864427860696519 32.500000000000007 3.5000000000000004 2.5000000000000004 37.500000000000007 0.022410546139359704 0.2215762273901809 1550.0000000000002 4.5000000000000009 0.084213314005352383 14.500000000000002 2.5000000000000004 52.500000000000007 0.087046725599855684 1.0000000180025095e-35 0.10874113152628707 1350.0000000000002 5.5000000000000009 12.500000000000002 0.26894374282433992 1.5000000000000002 1950.0000000000002 0.055504950248859312 0.11443452380952382 8.5000000000000018
decision_type=10 10 10 10 8 10 10 8 2 10 10 10 2 8 10 10 10 2 2 2 2 8 8 8 10 10 2 2 10 2 10 10 2 10 10 8 2 8 8 2 10 2 2 8 2 2 2 2 10 10 2 2 10 10 10 2 8 2 10 10 10 2 10 2 2 10 10 2 8 10 8 2 2 2 10 8 10 2 2 2 2 2 2 10 10 10 2 10 10 2 10 10 10 2 10 10 10 2 10 10 2 10 2 2 2 2 10 10 2 2 10 2 10 2 10 2 10 2 10 2 10 2 2 10 8 2
left_child=2 5 4 14 10 7 12 76 13 25 26 -7 36 16 23 33 41 48 24 45 39 -22 51 -3 28 105 27 98 68 74 62 -32 -27 34 83 -5 37 80 -39 -15 93 -6 -43 44 -35 -10 -42 -48 113 -11 -51 71 -36 -23 -28 -56 57 -18 59 -58 -60 101 63 104 -65 -59 67 -19 -14 -41 -16 -20 -13 -54 77 -76 96 -25 79 -70 81 -4 -71 -8 85 86 -85 121 89 -86 -64 92 -44 -24 122 -92 117 -98 99 -1 -30 -62 118 -34 -21 109 -107 108 -108 110 112 -111 -9 114 -12 -115 -80 -2 -40 -109 -121 -37 -95 -124 -125 -97
right_child=1 3 6 35 8 11 15 9 19 49 17 72 18 20 70 -17 56 66 22 30 21 53 40 29 -26 32 54 -29 100 -31 31 -33 103 43 52 87 -38 38 102 69 46 42 91 -45 -46 -47 47 -49 -50 50 -52 -53 73 -55 55 -57 58 65 60 -61 61 -63 90 64 -66 -67 -68 -69 78 82 -72 -73 -74 -75 75 -77 -78 -79 116 -81 -82 -83 -84 84 88 -87 -88 -89 -90 -91 95 -93 -94 94 -96 125 97 -99 -100 -101 -102 -103 -104 -105 -106 106 107 119 -110 111 -112 -113 -114 115 -116 -117 -118 -119 -120 120 -122 -123 123 124 -126 -127
leaf_value=-0.057104431489135125 0.0072060701591823585 0.012746019572279747 0.0011921353309038952 0.040228641515937309 -0.013716899858947763 -0.021262848999200213 -0.011721963089782503 -0.018980971038147637 -0.0060089350340764153 0.022893600379457139 0.021904498159021551 0.031802605507240768 -0.0039581095238972585 0.0023168892218831203 0 -0.030359249977784542 -0.045256439413712303 -0.034254429069166599 0.0056675344497132416 -0.040036446768776726 -0.034513902206794199 0.00807257986978515 -0.033538119843209473 0.029017982832698904 -0.082933669822513767 0.014009892613267625 -0.056616039142194333 -0.0098609625495780697 0.011754275965499099 0.02343745182369086 -0.067950646071410922 0.037146260419548237 0.027441642633107763 -0.011644113679521159 0.01313419431754094 0.067694209509495881 0.0096541895100945435 0.012534696108829846 -0.013988740674631753 -0.030145657000046278 -0.019666630204429249 -0.041211070617784444 -0.033139404761926998 0.0021653560066997738 0.021445731846351866 0.022129515254444954 0.0023238477846439175 -0.055645642384343101 -0.055195807276076418 0.033127365325854065 0.0038350329808648238 -0.024629958624774458 -0.053998690136814735 -0.010325275748438898 -0.025969759421647039 -0.040319902323154105 -0.015380864961991855 -0.0069668211654440731 -0.010504721694671204 -0.05053892186882375 0.0088597189431098983 0.020530243177495279 -0.01641388185840361 0.0075096686926653076 -0.022412912121826722 0.038800397298147639 -0.055378799888655295 0.023529381621610106 -0.054677369861298869 0.024642812555112498 0.026553680305930163 -0.058178118941205115 0.0038228527350160748 -0.00025621129134937649 0.021555331133927672 0.049569239607530097 0.01409209538088288 0.040926536389002857 -0.025949351323683922 -0.019208176706318695 -0.0075684407731835702 -0.032000790680365862 -0.019143411329349096 0.015012307858856311 -0.044729451171912446 -0.010825831399286752 -0.015353873135576141 0.046703546244921193 -0.0023234812329375317 0.029123856394741035 0.016139591462931462 -0.044091119606345423 -0.023707295531882944 -0.015099779398879565 -0.041408237489720168 -0.0009959248191223429 -0.0023482261736365905 0.021686869930198575 -0.043660711224941223 -0.041019003308927923 -0.020690078633333303 -0.037104548548046949 0.0018348964128180754 -0.0047821900285775938 -0.021347833919500889 0.047015353721573179 0.011681727662114137 0.0020812682328551777 -0.0097004111359603948 0.015147244807748315 0.018091480625149644 0.030958363905553461 0.0099020126482445604 -0.025015259618386233 -0.039059561879468518 -0.0031491841217264451 -0.0069832505298908047 -0.012860870644521478 -0.068670184545420371 0.017963481240857053 0.0013752679390085661 0.05138556473889197 -0.058939955979645881 -0.023477386467986295 0.060479582665065548 -0.062147350356754241
leaf_weight=488.25066283717752 70.70593611523509 67.999136261641979 32.26133992895484 61.462961461395025 90.201630067080259 279.53345656767488 351.31079762801528 58.575550273060799 272.85055309161544 1255.9058878868818 35.479552585631609 44.887994285672903 286.45074683055282 42.181681990623474 44.634267419576645 73.750037666410208 44.802094735205173 736.57413788512349 7.3196883313357821 80.862150970846415 129.12510788068175 121.87284539267421 155.03137125074863 220.1745554022491 9.0449370965361577 501.02306281775236 76.069322943687439 39.17425737157464 125.08882968127728 144.96056829020381 28.383540198206902 4.9406412467360488 575.76899469271302 43.790238361805677 267.74555713683367 1178.3393820077181 145.79700801894069 146.52580456063151 130.76265973970294 592.67094122990966 199.58560648187995 532.76625791564584 844.25749222189188 390.94777501747012 249.03270483762026 49.731390450149775 177.00882844999433 11.097281593829392 21.887254822999239 677.56694929301739 42.232540365308523 90.965366870164871 9.9073633663356286 315.02569707110524 205.54646727070212 470.03712560608983 36.428258094936609 163.73201139271259 151.1829863153398 78.482929646968842 12.165743507444857 10.551309693604706 113.55308935418725 86.589484088122845 68.669489908963442 14.698766611516474 65.407278496772051 9.145841319113968 27.787348195910454 14.762143805623053 391.55502262711525 74.148278754204512 166.82933320850134 197.78175710886717 48.584350280463696 543.09858029335737 113.14778050407767 1409.5073935724795 76.119770832359791 318.09420306608081 237.19814697653055 113.35226199030876 141.03201352059841 224.94008050858974 36.859851624816656 124.59913033992052 42.480601064860821 71.711967781186104 59.403976839035749 5.8840432502329341 67.245196405798197 137.57696557044983 485.66464389115572 589.54741080850363 60.468501750379801 19.328489713370804 137.04179725050926 68.926021669059992 400.08473959937692 122.32450603693724 27.906869437545538 140.494993083179 121.60732502117753 22.971852112561464 384.29484599083662 17.835812736302614 95.642370138317347 193.04174390807748 137.4985696785152 258.19354009255767 196.03453591093421 168.39569157361984 56.822464603930712 170.48767334967852 13.946959465742109 67.840885546058416 353.40879636257887 245.74158631265163 7.7915074974298468 442.34324774518609 119.34462752193213 91.776630513370037 28.971677232533693 106.17384137958288 3.093445796519517 8.1600185818970186
leaf_count=6321 657 594 299 425 928 3076 3668 647 2780 10282 278 332 2833 377 428 847 560 8632 57 967 1536 1087 1805 1553 136 4136 1011 374 1109 1181 389 33 4724 443 2355 5900 1325 1272 1418 6783 2174 5744 10237 3699 2074 403 1663 154 301 5002 394 977 133 3231 2365 5680 378 1645 1544 984 103 87 1224 811 792 97 837 63 360 104 3105 1016 1541 1938 408 3442 996 9910 857 3414 2449 1354 1524 1941 470 1318 455 485 593 47 567 1756 5604 6271 723 186 1350 559 4922 1473 306 1672 1190 256 4172 106 865 1708 1414 2238 1668 1232 526 1967 178 666 3548 2541 114 3881 1208 578 375 1147 15 116
internal_value=0.000134946 0.0282544 -0.0204687 0.0461178 -0.0290922 0.0154134 -0.0081407 0.0175113 -0.0236941 0.0197949 -0.0388508 -0.00786998 -0.0133012 -0.0266488 0.0371899 0.000950946 -0.0300436 -0.0304439 -0.0162893 -0.0134629 -0.0197795 -0.0118864 -0.0208272 0.0395783 -0.0107098 0.0154791 -0.0440763 -0.0483681 -0.0101612 0.0403467 -0.017877 -0.0521549 0.0206509 0.00210676 -0.00109758 0.0643727 -0.00458172 -0.0072179 -0.000752936 -0.0254216 -0.0186228 -0.0329033 -0.0337653 0.00830351 0.016478 -0.00164991 -0.0106724 -0.00109723 -0.0176733 0.0260026 0.0314164 -0.0377928 0.00613384 -0.00518108 -0.0380695 -0.0359658 -0.0208709 -0.0116387 -0.0256561 -0.0394599 -0.020584 -0.0298776 -0.0164864 -0.0198911 -0.00569851 -0.00314898 -0.0353101 -0.033536 -0.0124651 -0.0269916 0.023843 -0.0523805 0.0097909 -0.0028687 0.0414468 0.0472814 0.000187698 0.0393226 -0.0156004 -0.0220871 -0.014071 -0.0246167 -0.0149493 -0.00517016 -0.000500842 0.00348012 0.0101659 0.0654719 -0.0158162 -0.034402 -0.00631639 -0.0310562 -0.0297008 -0.0218837 -0.0195812 0.00573885 -0.00281635 0.00567735 -0.0498546 -0.0538973 0.00579402 -0.0334055 -0.00825783 0.0261964 -0.0246153 0.0122134 0.00910315 0.0084089 -0.000906043 0.0164432 0.00962433 0.0214062 -0.00471932 -0.0147837 0.00455684 -0.0188159 -0.0103613 -0.00836053 -0.0171471 0.0112927 0.0144487 0.0665238 -0.0177554 -0.0290256 -0.0210017 -0.0194895
internal_weight=24167.4 10219.8 13947.6 4273.8 8206.54 5946.01 5741.04 5454.76 5284.29 4819.2 2922.26 491.251 3662.61 4099.68 2870.51 2078.43 2743.01 1120.77 2727.31 1184.61 1356.67 566.024 1503.41 2434.32 1223.9 2843.49 1801.49 1049.83 1214.86 2366.33 862.027 33.3242 1099.76 2004.68 1320.91 1403.29 935.296 789.499 406.687 790.647 1330.98 2090.47 2000.27 683.771 292.823 322.582 387.692 188.106 309.642 1975.71 719.799 172.433 475.435 436.899 751.653 675.584 652.539 223.233 429.306 114.911 314.395 163.212 828.703 620.416 155.259 178.431 811.127 745.72 1061.86 748.465 436.189 81.468 211.717 207.689 2221.36 591.683 635.563 1629.68 775.41 345.882 382.812 145.614 155.794 845.478 494.168 392.02 267.421 1341.83 102.148 42.7439 208.287 1467.5 1329.92 943.286 788.255 94.7337 522.415 205.968 1010.66 610.575 152.996 152.661 260.161 598.741 465.157 1743.73 1005.71 987.871 233.141 738.022 311.433 426.589 115.398 287.755 49.4265 238.329 429.529 316.448 138.554 754.73 561.688 1270.12 727.786 138.239 109.267 27.4885
internal_count=231179 79348 151831 28009 93489 51339 58342 46390 58421 40287 35068 4949 38361 45981 20621 19981 31339 12922 28940 12440 14642 5854 16377 17088 12563 24609 22146 13090 12427 16494 9257 422 9116 19134 12918 7388 9421 8096 3994 8788 14327 24269 23341 6216 2517 3183 3991 1817 3390 15678 5396 2050 4426 4318 9056 8045 7070 2302 4768 1362 3406 1862 8835 6742 1603 1742 9532 8695 11012 8411 3533 1073 1873 2071 15313 3850 6103 11463 8179 3774 4102 1653 1628 8492 4824 3714 2396 6963 1110 517 2093 17597 15841 10336 8531 869 5107 1909 12716 7794 1415 1775 2722 4980 5139 15493 9182 9076 2279 6311 2841 3470 1173 3089 456 2633 4405 3198 1532 6797 5089 6478 7808 1537 1162 302
is_linear=0
shrinkage=0.05


end of trees

feature_importances:
jockey_top3_rate_30d=30
age=19
jockey_win_rate_course=18
jockey_recent_rides=13
distance=12
weight_carried=9
race_grade=5
field_size=5
horse_num=5
jockey_win_rate_30d=5
track_condition_enc=2
gate=2
weather_enc=1

parameters:
[boosting: gbdt]
[objective: lambdarank]
[metric: ndcg]
[tree_learner: serial]
[device_type: cpu]
[data_sample_strategy: bagging]
[data: ]
[valid: ]
[num_iterations: 1]
[learning_rate: 0.05]
[num_leaves: 127]
[num_threads: 0]
[seed: 0]
[deterministic: 0]
[force_col_wise: 0]
[force_row_wise: 0]
[histogram_pool_size: -1]
[max_depth: -1]
[min_data_in_leaf: 30]
[min_sum_hessian_in_leaf: 0.001]
[bagging_fraction: 0.8]
[pos_bagging_fraction: 1]
[neg_bagging_fraction: 1]
[bagging_freq: 5]
[bagging_seed: 3]
[bagging_by_query: 0]
[feature_fraction: 0.8]
[feature_fraction_bynode: 1]
[feature_fraction_seed: 2]
[extra_trees: 0]
[extra_seed: 6]
[early_stopping_round: 0]
[early_stopping_min_delta: 0]
[first_metric_only: 0]
[max_delta_step: 0]
[lambda_l1: 0.1]
[lambda_l2: 0.1]
[linear_lambda: 0]
[min_gain_to_split: 0]
[drop_rate: 0.1]
[max_drop: 50]
[skip_drop: 0.5]
[xgboost_dart_mode: 0]
[uniform_drop: 0]
[drop_seed: 4]
[top_rate: 0.2]
[other_rate: 0.1]
[min_data_per_group: 100]
[max_cat_threshold: 32]
[cat_l2: 10]
[cat_smooth: 10]
[max_cat_to_onehot: 4]
[top_k: 20]
[monotone_constraints: ]
[monotone_constraints_method: basic]
[monotone_penalty: 0]
[feature_contri: ]
[forcedsplits_filename: ]
[refit_decay_rate: 0.9]
[cegb_tradeoff: 1]
[cegb_penalty_split: 0]
[cegb_penalty_feature_lazy: ]
[cegb_penalty_feature_coupled: ]
[path_smooth: 0]
[interaction_constraints: ]
[verbosity: -1]
[saved_feature_importance_type: 0]
[use_quantized_grad: 0]
[num_grad_quant_bins: 4]
[quant_train_renew_leaf: 0]
[stochastic_rounding: 1]
[linear_tree: 0]
[max_bin: 255]
[max_bin_by_feature: ]
[min_data_in_bin: 3]
[bin_construct_sample_cnt: 200000]
[data_random_seed: 1]
[is_enable_sparse: 1]
[enable_bundle: 1]
[use_missing: 1]
[zero_as_missing: 0]
[feature_pre_filter: 1]
[pre_partition: 0]
[two_round: 0]
[header: 0]
[label_column: ]
[weight_column: ]
[group_column: ]
[ignore_column: ]
[categorical_feature: ]
[forcedbins_filename: ]
[precise_float_parser: 0]
[parser_config_file: ]
[objective_seed: 5]
[num_class: 1]
[is_unbalance: 0]
[scale_pos_weight: 1]
[sigmoid: 1]
[boost_from_average: 1]
[reg_sqrt: 0]
[alpha: 0.9]
[fair_c: 1]
[poisson_max_delta_step: 0.7]
[tweedie_variance_power: 1.5]
[lambdarank_truncation_level: 30]
[lambdarank_norm: 1]
[label_gain: ]
[lambdarank_position_bias_regularization: 0]
[eval_at: 1,3]
[multi_error_top_k: 1]
[auc_mu_weights: ]
[num_machines: 1]
[local_listen_port: 12400]
[time_out: 120]
[machine_list_filename: ]
[machines: ]
[gpu_platform_id: -1]
[gpu_device_id: -1]
[gpu_use_dp: 0]
[num_gpu: 1]

end of parameters

pandas_categorical:[]
